52595
21166
35447
65137
52542
36553
57049
14119
62249
54031
38293
61980
62323
48440
42692
3968
54709
39218
17426
55821
55148
63440
54030
50629
23490
47436
56630
60290
25804
63809
14484
53167
42999
61020
29190
32721
16474
39628
14114
56721
11075
11527
21861
14151
62555
63003
24495
59598
50618
21547
40359
61330
39496
57368
63767
21605
13208
59108
17727
14123
52793
9671
22990
33083
3966
37600
35661
7835
51026
61000
57326
44995
31912
64874
64222
19656
56455
55336
64259
6885
59402
64063
55003
44832
61625
36989
35564
59051
38422
50944
62167
59023
62166
54920
30047
61461
54712
34569
32256
55751
55584
62411
47330
61666
55892
46899
5468
55837
30822
56026
17074
4692
13905
18610
62847
29686
56748
60600
