63153
56758
2756
23500
36490
59929
36245
38940
8437
32819
61275
56135
33261
60243
30538
40662
12795
7207
29922
63027
44481
64971
30542
2042
29063
30952
17416
51970
64005
32361
62867
19814
18462
47700
53241
29612
47580
30749
30645
30102
57513
51339
51343
32127
45682
44668
63582
52676
63969
50577
38276
60335
39846
38755
57330
63692
9478
56314
61417
58922
39517
39533
9848
64859
18816
5932
64978
25025
32728
8899
8903
55090
50976
45338
54990
39022
62506
53183
26722
41200
44986
60458
27928
36412
16627
62876
3125
5772
16408
3203
28473
3201
16357
14461
35540
14822
7122
50808
19534
26822
39607
62849
62473
41708
36610
53816
56524
44491
