59804
30464
44256
64681
65107
53037
56738
54834
22635
37501
53598
22770
56129
38947
50127
56837
47574
26377
21118
50535
27482
52455
62096
53616
52454
53450
38096
62485
4844
53835
44889
59445
8680
4501
28712
53612
12432
38584
59235
60413
5499
4319
55522
47522
53639
30117
35409
20890
62242
53056
38094
20840
57478
53061
14632
38560
64768
59811
18411
52537
34592
22831
29894
63023
56184
60375
61479
41137
53618
6431
27957
20573
57193
59229
20748
21847
34658
55846
27746
22302
63334
59315
30118
59624
53606
38959
53384
28220
52459
59138
21680
59232
54529
27688
51649
58919
47529
59669
59056
4629
39802
48799
63813
41370
53459
10488
50358
38438
40935
56579
40382
53460
34643
23563
57329
63645
57191
51533
61457
40746
53405
58652
64271
57385
62970
64296
62922
19949
63632
19785
23697
51401
46909
46916
21864
5864
15225
42553
24259
30868
60446
64921
53617
53472
29629
50273
60616
59224
59344
44525
53476
45156
47570
47579
63333
60318
51107
60135
53462
53461
60869
59796
65480
57585
38459
28925
20129
27344
28392
10250
39690
22681
21034
38268
40748
16974
64139
62982
29166
61454
63097
9423
62165
7971
10853
35360
59116
65538
62642
33236
59988
54598
63036
62024
20128
53916
62984
53469
59685
57294
53448
59250
59262
28004
53468
53501
44924
53609
53477
55508
57444
59414
64745
61481
50276
4391
30104
51536
64982
25660
52748
54763
64147
22649
62431
53419
63999
53426
54762
64029
64318
65391
65393
32557
60001
27338
57199
40355
53414
53424
62453
54369
53422
53420
4973
6537
65373
30119
34522
23695
54958
48663
55285
54578
20973
53502
53499
62602
55133
26349
41908
62501
30057
37772
14292
61476
55707
28758
51582
62853
30053
17240
60655
20601
26435
53466
57159
42518
26467
21474
32179
61848
39992
23617
8350
62012
55175
28043
53841
55716
31061
54588
20570
55718
64307
50345
63953
54009
62726
63919
39804
57307
6053
54114
28117
53851
54343
54260
48782
41061
11602
50583
61989
59885
31896
52612
62554
27613
60263
41911
64804
29393
51720
54353
41169
65141
63159
54570
38021
44743
38483
61514
32268
63865
62622
63746
36304
39174
62937
42440
54781
64995
15610
57563
38357
15410
53945
23257
54345
65005
64159
38765
62612
51650
58714
39270
50537
29149
35170
57239
15007
56928
22368
60964
63006
53512
65314
38588
27097
37622
24534
53591
59121
52323
59161
29917
52292
4628
64380
5498
55959
56068
56826
55827
53699
53511
53698
4887
63827
53634
63364
62182
63747
60580
64671
62181
44527
25431
50542
51056
37586
37758
65388
61541
37121
63677
50013
54035
59798
64014
60540
52590
63754
4613
64112
63031
37625
65040
48620
58928
64060
55287
53471
26433
28954
25194
40783
56892
63075
50129
51243
60514
63685
64762
37576
23975
39439
4753
15104
64987
31655
65585
64639
46914
32888
41378
41551
40581
61521
55983
60732
41532
40580
52607
53701
35664
53640
64104
54700
64150
