41477
17399
54090
38491
65251
62838
62217
26053
19204
53135
42568
26230
59774
61486
60740
58815
63170
62517
39010
60388
48307
54389
54538
58984
62338
41478
65147
65180
53955
25494
64907
8859
47264
38158
60890
55273
36509
42650
22440
34543
44419
61150
293
32569
60544
5980
54396
37544
31220
59896
40439
56044
39574
63460
60365
40316
22174
42858
45475
36518
33284
24672
57435
40992
20088
23692
34509
44701
38957
48171
30540
13610
57069
48548
27624
64625
16322
22321
52876
48734
30139
64266
63264
59646
11941
27197
61575
62483
699
27625
12959
61261
63617
53909
32079
62741
63206
9560
62933
39781
37746
64151
25197
32573
23180
36513
9539
42116
50764
62456
62436
44909
63277
47024
41846
42510
685
51652
32434
47099
10774
3723
60529
25681
36777
56571
23164
59249
10852
27601
7026
23358
46930
62270
52185
34870
40409
45664
53234
60356
28280
36540
358
63204
56038
42666
63927
63888
57223
14662
64606
64611
59975
37896
34724
52875
20730
36034
63016
64684
21055
55963
59637
22889
54968
20643
25727
35406
62725
65103
35205
61409
57427
60339
38362
21571
52324
6445
15401
38616
18940
7203
62150
56561
24177
60587
60348
6024
290
40221
44776
55357
24038
2755
44696
23883
33242
64337
59814
63967
24521
13571
44690
7402
63381
60346
27485
64258
21153
47726
63990
40879
57600
37359
64994
25680
60867
55804
61627
64229
64544
20245
65452
65299
55815
50063
21883
24373
34920
23188
50940
23849
47169
25428
55039
52247
34499
65099
8395
8587
50549
28874
53675
52763
60735
36415
59155
57215
44985
54234
47711
63633
35889
44595
27665
19853
11269
36826
17679
25848
59115
31159
20646
25552
22116
47729
55781
24301
59577
39792
53758
46853
37940
6260
31338
14308
39457
53099
56920
53137
43037
38677
30835
7721
64667
41049
23184
56108
42936
47346
32450
62481
62272
58894
55516
62195
40318
44821
55830
50052
30796
62020
64162
17176
54003
61661
36657
60775
64369
6431
21724
44416
41439
42028
21186
9138
53111
2772
25339
47133
10992
56058
38236
21960
41417
57240
58986
62587
63801
5124
54871
35394
38069
51899
60094
22147
4990
50032
51447
15510
16543
36380
62116
18967
26863
46885
21365
59816
57584
64148
6364
39976
44418
36645
21366
51380
38289
63171
64233
22306
21723
31698
62381
61251
20454
20456
30234
20033
53936
53870
24523
6082
56852
8938
27668
37033
38250
30141
36783
47706
31071
40120
60737
60880
10034
22150
57421
52139
32548
32514
56659
63769
63266
23942
64487
438
57211
61569
64445
10991
60283
63959
55314
55313
64550
60293
28806
61626
20810
43026
3455
8709
5874
26218
58985
44093
32085
53015
34506
60851
22308
54259
58725
60542
26450
22887
25725
19420
28879
51186
8631
44822
7799
12154
41521
54107
15930
44230
24105
21884
52035
56217
31829
39248
65240
9709
47757
34533
45286
25560
20050
44470
27621
3766
13674
58834
12043
60296
27857
3842
65345
64985
59130
50951
51370
57190
19924
25912
32449
37778
65573
24857
60638
42909
32497
62804
26905
60789
65183
60918
64198
13142
675
12633
55994
46832
64387
63457
47914
28001
50707
31420
25227
20388
19613
41163
18211
8887
62825
30760
46811
36719
47474
23622
59653
35184
63892
47040
45111
47128
14526
63132
39730
65121
57389
65343
31693
9160
38527
53171
55616
63448
14342
20182
64364
51317
53810
31213
52017
42768
62777
50708
37534
42729
61327
56616
21575
10842
58686
23041
42214
63317
62885
59384
50881
14177
52792
61784
62184
30031
52129
62541
28526
26034
35483
23167
12631
60003
64852
39535
59262
28653
39840
62300
53904
52125
20047
61041
35936
48137
21455
40969
52819
38137
32856
50713
635
54669
19823
10928
56065
36962
31460
62274
11074
59152
12890
24519
42678
38896
11852
42648
37981
18066
44523
28264
23528
40666
53226
63081
39573
30889
46962
16902
10404
40395
19404
52060
6291
13123
506
53301
50899
56961
8022
20680
29887
53678
44670
39296
60114
22161
20377
56185
60560
54532
61328
61132
25757
29727
41948
59230
42359
26664
35336
41073
34502
29224
42355
21854
23192
32003
11608
29375
28757
30204
10389
33195
23852
40726
64418
18540
53146
29137
35912
28326
60528
35651
55286
59570
23690
22513
24560
61740
54813
47627
51323
25817
60841
62452
24777
54814
45536
61234
18065
61450
57313
6587
19953
58741
6965
50091
4890
30609
8028
23717
42257
41266
60381
47576
6585
61176
52989
26260
26073
38717
7771
26409
55613
62697
41654
19096
24522
25210
28279
30790
44860
15978
18405
62236
9446
1152
426
47350
16156
61487
36454
20629
30930
64865
16770
42484
52176
34576
35704
61326
20950
27418
59137
53764
21185
40720
13429
41134
26666
21101
61847
41718
61682
3112
28500
38618
65434
39617
443
47301
17980
60146
56943
28286
32217
16845
56772
23905
57105
60244
439
54228
18866
56481
55999
50755
4048
24209
24429
62565
37700
62866
18032
39271
32467
39272
22570
51365
22571
22814
64217
65196
51697
26834
24798
25267
7592
23986
56548
64629
36953
27291
22043
26743
47696
48461
44075
10950
25356
61467
61653
17713
64389
61908
56392
42726
52982
22307
48235
56792
58816
20628
65047
28654
54612
51671
33164
23185
19212
39580
50877
13113
33193
7296
37403
22748
58692
60233
2376
47895
54285
63808
28588
39926
64202
30758
45398
23405
61099
35362
51291
12257
63102
47594
65332
13917
65660
23179
15429
64341
34636
21079
24715
62145
11430
9070
63046
14820
26560
27203
44933
35278
62960
7840
6254
48358
40633
48116
57036
43019
60702
56705
64615
32896
55853
22595
61775
32011
51856
24006
55589
14427
63147
42362
34877
36196
50058
55235
61609
4895
3880
56710
9117
27839
30604
9051
62858
50021
52609
35536
42826
64658
7825
59307
55455
35374
63768
48273
51163
17654
50143
6899
24356
53453
64310
62966
51923
60901
59536
55946
6478
30769
54850
6051
29330
55369
32093
23329
16237
54239
50554
59883
24265
4894
55595
44409
57200
32727
31047
48707
38582
18871
35321
62286
51686
63309
4763
31787
35017
24403
60196
59849
38691
4764
52859
42390
38263
4654
57198
63856
26547
56204
51707
41906
50570
47732
41393
55761
63156
21949
42567
60230
53366
21091
60526
36899
21948
1516
47178
19253
18667
44492
63939
22273
61325
65305
46923
29986
13600
37801
22642
30943
33041
21692
40504
6096
22640
51878
5371
60225
22641
64623
14684
41270
51988
22249
17586
52811
34660
50664
31826
32600
50746
3130
64350
27771
22364
56625
37565
49946
53323
22986
42141
56983
63038
8917
22966
37395
29998
45197
60779
26757
61954
56703
54678
23661
33124
20058
62969
47814
39036
16301
32342
52348
61983
50423
50137
62988
41963
24566
52048
62941
50685
42652
60574
32970
56609
65124
63040
60747
60733
65721
35593
59828
60742
63882
56631
45249
51278
51265
54756
63305
64165
63533
45399
56140
54083
47750
64646
56028
47049
53690
65437
42574
60010
62688
54618
64011
45126
62423
62779
36223
64926
56753
62940
63039
63453
64200
25495
64873
64860
16038
44159
60221
5514
39633
56089
60198
50922
34963
54797
17502
50726
59600
40861
59547
61969
65273
65077
39572
55531
45366
64236
