3330
47265
61667
44722
56146
64289
29105
36983
46958
25260
47552
8501
39422
25623
27467
29875
35521
8148
22400
57212
10451
29521
39423
29989
61096
31150
31561
33312
29363
46959
60875
51725
30907
60912
33169
39886
39479
41823
31750
45369
50981
33158
28649
35334
52445
27835
40736
60936
59360
29608
27800
14930
15750
3550
12189
59318
63910
48891
51232
16546
2449
60530
51237
55860
25123
15847
2448
949
61367
32503
3900
37379
23694
18884
15043
6313
23696
8207
8206
61074
40675
57506
33328
55822
31398
37754
19423
7384
18135
8177
55329
21044
19425
39603
40677
63912
28007
60685
8768
1623
27087
35364
24864
11684
35663
50886
52435
3548
52940
22021
24037
41313
28512
24299
35868
52051
20432
20196
27786
34657
22454
35386
28633
61629
26358
25783
34891
54021
41677
1216
32419
24087
30333
18980
37583
38905
24070
6393
15680
37948
38595
24213
29682
57486
19424
35530
38045
50075
36285
28957
11252
32887
38580
54755
50327
19841
42228
52082
65323
59008
9796
24561
37750
2616
36819
38217
65004
32069
53072
41579
65602
53129
53679
28386
30453
54356
59368
64562
62850
62279
7030
61572
56668
40882
59687
61263
30702
50077
56329
41962
59017
65250
51228
60085
29624
62492
16324
60920
20549
50509
41257
35072
63784
61167
