18980
37583
26358
25783
51522
41677
1216
55063
5673
47153
4558
54817
10932
34589
26915
17743
32662
7155
19217
10204
59937
15159
21381
35746
42098
59200
62958
57331
35821
36119
50757
52899
20796
34449
35511
64875
2274
9202
15285
53271
24944
22590
64845
1625
31436
15377
7525
41379
31476
21612
26949
52788
25788
20763
36519
47539
34526
28281
41506
41180
581
38371
648
42056
338
29133
17698
60659
20719
36798
20722
15089
20435
62759
25651
23139
19748
32867
1814
10770
4109
40721
52431
11321
27379
46867
62233
59206
18939
7385
23098
3377
39175
3422
45621
16063
8517
21062
20630
19073
39232
34925
27335
60479
36586
30005
7676
8892
48730
41727
36967
33262
26267
3917
16198
19572
39445
57309
63014
54741
40398
32965
61096
3550
30403
61093
15144
63866
52249
56298
41087
36488
51995
63007
61973
55681
41887
23777
24603
52947
46910
64463
61729
62471
61204
45160
37654
57486
21830
61703
63695
34708
25118
24632
59998
15378
62703
26253
15375
59203
28243
58939
61550
61752
54896
36344
32123
14930
12189
65346
65105
64818
62560
63717
63982
45327
55953
59618
50751
41479
15087
21309
14672
55223
19525
53993
24470
47913
15829
52937
26338
52782
53076
14076
23818
56014
60453
3697
7523
57514
11619
42946
29792
59772
52518
2692
31989
60116
10660
13306
54431
56886
37523
63273
17523
54982
59059
63964
51642
41871
31525
27492
52516
