54608
13640
21844
34665
61712
51928
60980
29930
28788
43041
3761
61691
1220
21684
26952
30175
61872
23134
6702
17025
42543
50296
10383
50862
59924
15735
59282
37122
45152
42580
25486
3514
31204
62028
4111
13831
11073
34521
34795
52369
37329
24296
52973
63771
43060
59461
56403
60439
63504
37116
63178
27072
42313
59888
52490
59460
62427
63876
59303
28071
11663
57575
61615
41150
35972
38661
58817
24238
3835
27886
54198
42785
56855
23127
5756
40287
63106
62827
42464
47813
42695
50660
15768
62985
23056
32119
56832
41188
47066
56805
41685
21669
59914
41700
65117
65076
54070
54068
54028
62957
34517
59713
53216
60873
64861
50732
63469
10293
48823
44835
27073
65053
22398
35573
9694
54299
52265
28270
57164
38516
65236
