61532
27104
23698
2263
64409
20753
64938
51938
61882
44469
12732
25894
39665
5821
6454
63545
5185
2457
61537
27676
56174
20232
454
27343
62119
64442
63157
13893
32288
61944
56885
62715
1382
17454
24965
15041
26221
7577
15745
18210
44853
12121
48320
2116
16908
63369
11581
51704
1519
31494
10983
7627
26223
11327
43052
21911
22027
21092
18399
26220
60689
22028
64953
23158
5870
63873
57130
24526
41505
39920
22622
22164
53548
32987
65187
31386
59815
21837
22864
1463
16946
12916
26933
3686
18848
54213
18824
22657
4464
20785
14656
4304
10569
1330
1669
65312
60649
11840
23972
9827
7729
11865
2064
31966
34513
8382
12794
6540
64932
63855
5494
45306
59912
7843
27639
455
457
51757
1671
34975
10141
55364
60026
10386
20246
30215
5692
7171
50261
51030
32430
51082
10942
30552
42319
55497
58806
62815
61574
57162
21840
63387
60158
64190
39336
28912
47434
60539
64643
56142
21838
26108
4072
55169
62748
22333
50845
53075
11606
59434
45141
61219
47548
4127
60906
63087
51086
62278
65364
59982
54894
64834
15391
53231
60198
58781
61016
61283
22271
35974
16853
15291
51679
22954
18849
6144
50499
23649
55986
48397
63128
24168
41333
54972
64108
51866
53348
18523
20449
64906
60062
60753
60047
52226
54373
55878
64038
15411
35166
27288
22170
29269
42409
10063
61982
64624
29444
20939
65622
4770
11394
64607
53482
24131
29152
44265
47321
61578
15484
63140
54696
56751
54897
54397
54893
54365
22030
5725
40558
60505
53957
51514
46961
62855
65503
