47849
16740
13686
65368
45603
56632
56633
569
48755
47165
38605
61250
61168
33371
20671
15672
14116
6244
21988
50286
61807
17549
22937
22620
51220
32848
39618
40711
39705
61466
53442
43055
8160
25266
29628
57158
36086
11050
61338
37724
61310
61335
61340
38051
61334
50709
38806
57314
60637
40462
45138
59189
22145
61343
63675
54661
18779
50173
12069
42661
64403
61279
38937
34990
51487
62662
33075
40296
61891
10984
33115
34787
63600
63580
55398
37978
31389
15600
56393
36937
36208
27440
42606
37650
12144
30693
62164
61943
47175
22907
38282
35837
41491
60380
52199
34750
61791
30863
54835
64929
39144
64931
51578
61556
33217
30397
31755
28918
44858
53632
65518
41013
63657
54573
32827
42143
22500
48400
24585
51334
17087
64493
36794
40502
64713
28556
51332
63689
4881
4779
65092
24046
58844
59857
51574
57471
53173
64827
64221
9047
59554
41243
55232
37072
40033
40503
57432
27924
30995
63509
26056
65188
36782
18063
52758
62782
