56895
30785
55541
64507
60720
54952
65202
65204
65169
65595
65159
65565
64972
51463
40242
54513
20593
45340
19175
32453
5996
42247
54147
21716
40891
58749
18325
6033
48797
6528
24921
52440
32582
32351
62447
22466
22472
3228
47476
57149
14178
54644
63338
2446
37439
10518
60931
50110
54596
32885
1961
6231
55008
61634
20296
64224
53992
54123
7208
28640
61135
38042
23588
25148
53988
49964
25107
13763
7210
4651
22469
6968
39600
15456
55024
21715
13220
54150
63417
36029
41857
2786
59781
64340
31893
58822
7784
31263
38538
55086
50348
16383
56318
63410
50556
22482
60887
26948
23739
14187
54336
56454
58830
57593
47861
53965
29472
56726
34430
59507
55458
50794
63015
60966
35933
13454
64073
41253
27404
21741
35469
12474
31681
5121
64665
61359
61053
64561
47309
40306
53456
4925
62057
34970
16998
6151
57140
64305
30452
27232
39316
27212
64616
38916
20059
39077
36310
39398
61045
64244
49958
19369
14396
21327
55204
59220
51270
27640
55367
7703
52879
41893
54106
62173
16668
27401
42272
61793
48680
34977
11782
32167
64263
23958
11477
15302
54011
18000
61376
20889
42292
63668
50777
60885
27824
59038
7983
17554
50274
58934
65361
15170
27836
25932
14599
15057
3346
39823
5441
61364
30663
56724
59886
15282
50760
53799
2273
22112
57004
34974
48096
61336
57168
60589
9115
64494
5440
61188
14071
6513
63875
58764
27191
42633
55100
59458
63870
37736
17551
59450
1924
42841
7753
47251
42769
64312
53011
60500
64917
21863
47248
26508
60203
27615
35818
19886
51693
5678
37438
54986
30326
54650
53604
31445
64925
52720
26084
14055
54212
41017
45506
50948
55186
13069
30339
25372
52043
60118
57617
58914
56408
44515
50953
59176
8540
35279
63957
39874
47953
61281
3497
47393
10897
45155
34969
59799
63805
54416
64828
40037
42538
23055
60950
23059
22003
34967
60810
64503
63508
54990
30102
39022
62506
55090
7122
29232
56789
45346
19945
60747
32770
56882
64367
58828
57161
64171
36610
61115
50519
53903
8372
61375
60891
48098
56526
56524
56082
55038
44216
55850
