26430
14082
7655
65436
29184
32609
60242
56888
65229
24866
44284
6055
40091
16258
57231
17038
35908
25678
50182
22598
3636
30620
13150
8756
16680
61025
64044
14175
17673
52872
57562
44158
62075
3512
63945
36007
33310
58973
51216
6547
54059
46782
13867
51895
17606
9050
14051
40539
56432
19831
6901
17879
36670
39963
64019
20000
64574
27225
26953
38548
10586
42817
32394
15674
18475
7548
14617
36273
62841
30410
52958
10080
9048
14575
21051
64179
16130
61165
37552
32157
50390
61227
62382
51454
10068
1143
61243
1757
60553
48586
17566
65096
60168
6301
44641
60568
54473
62530
8230
13442
688
12872
39678
11519
61987
5342
51066
57046
54502
51532
62389
18001
14766
22092
30858
50952
27499
36575
44559
1475
38376
24426
19214
63224
58703
39385
51047
7400
60956
44682
46977
16093
27627
31644
39345
61985
26801
40824
20159
3861
45163
17602
64573
24679
29666
18400
50177
45075
19597
34957
44791
39949
42545
22682
65465
48085
51579
60604
18474
59239
29495
23467
54414
63105
5565
1038
51877
65467
61663
39399
32593
41869
52044
39615
29309
34893
42284
5389
1120
27861
55526
56577
13620
19413
51735
40165
53792
54868
7081
5662
41066
12925
39863
64769
35742
31940
56019
1316
16703
19336
7742
7192
21709
40295
1389
51792
20625
60665
57077
51397
28729
15569
1121
13324
10819
53534
53457
10634
38306
14487
6366
36714
65062
10820
60798
5366
44468
65089
16359
1286
61192
38859
37407
16266
33202
6132
29878
8201
54489
40236
31627
56988
3583
37946
48381
44744
4700
52152
38195
28107
12019
53795
9133
13184
38020
53583
9860
11445
6641
56648
61272
12037
57624
44306
41230
37763
32137
52738
62986
14849
60501
61069
62091
42258
38079
50066
48090
18011
44363
11547
62845
23207
37114
23742
25954
60474
22730
31486
56515
16328
56769
50297
37341
40112
37685
63413
17316
30632
39528
233
26739
47983
47635
65610
62571
53979
59649
63606
30348
58905
56397
55420
47480
64913
59931
42977
53215
61859
56395
45332
40889
62884
59373
17612
60208
22291
