45148
45505
21590
24640
63960
26719
37723
16522
23903
26821
51834
58715
39310
56057
22793
8845
39171
29538
7001
54859
58916
34619
53362
19585
64454
64891
39409
31431
23451
5449
30253
63063
63574
57299
21027
64325
4561
63973
29306
41639
63576
4560
47566
60163
63284
28877
65587
65218
59264
64755
7339
27580
60469
51493
61410
31754
59805
27635
37104
3589
22419
24560
61036
11350
39602
36787
51283
17710
35437
5024
61739
9409
28508
37731
4804
61238
53537
4385
29303
29838
40585
54486
34689
37231
19090
56559
51023
45214
54157
31924
26428
47450
2072
28383
48473
15477
10102
56400
51442
57086
61083
48108
29554
29580
47509
39163
32104
56806
39601
61660
