55658
51889
53446
2624
65328
65303
19207
33048
10074
8794
63905
12484
15621
12483
51263
10137
25115
54377
38171
41307
2620
39670
55901
28250
32695
33030
54361
28860
19543
60176
35843
55620
65333
64405
19000
32979
32776
48138
15904
32420
52307
30371
6277
265
42984
56872
51450
20669
35644
33264
59769
25713
56000
53041
51865
60476
15820
23932
1273
25121
56879
38912
57618
30039
56770
58786
33179
29537
30001
48380
15613
6278
58997
25910
63902
64288
33138
16879
33354
51748
14585
44896
48366
30365
41233
14097
29403
52919
20940
29843
29824
37419
64414
55724
10380
38936
31628
47173
36991
60988
58876
28826
27685
32834
9350
23914
60006
26186
51842
30490
56838
30501
28767
62803
57093
40441
32068
57157
22105
33010
31447
52404
31638
20338
23916
27108
46983
26061
47722
30946
61067
60101
32665
30819
22943
47727
22402
52848
20025
35844
53738
54218
52046
34590
52238
36140
34842
52849
31448
64093
31784
51935
44333
64114
13639
62258
59411
48437
63565
50144
51734
41883
60355
45355
51523
44574
22776
