51993
56189
5319
15897
65417
65398
65428
65419
59580
53821
53853
51210
50587
62193
59205
45104
61006
36092
53650
60282
56083
34552
56435
61543
56782
62031
50162
30079
28549
8432
13589
46784
47779
48432
57229
53122
47252
63661
48327
30136
46953
55872
47599
20989
23843
57255
7883
53754
42351
11755
52001
47490
22516
11705
39215
26257
19759
7425
61971
21997
41557
5591
23282
49969
5178
7433
54432
61441
8436
7472
26889
22038
60897
51608
23707
30806
61536
12090
51024
33378
39402
7927
59314
60970
62135
7594
60122
29820
7556
59254
62990
21958
17139
36970
64155
48444
54594
3331
47596
27380
53828
60108
508
61095
29362
62070
19052
59276
46984
60842
37843
30529
47319
42823
41025
8745
63428
45053
48881
24214
2138
5461
14564
45229
47318
42799
7377
25719
27754
19455
9834
63556
35124
62504
42795
27355
21082
7457
64540
7582
13950
65193
41147
56859
18237
32681
40488
62074
48321
30741
27400
498
54421
39249
10933
42403
29925
45394
52172
22962
64733
27752
53830
27306
35203
23832
65132
24056
63736
48159
25311
63071
54754
21347
42842
50780
15097
62008
62018
58920
64245
41314
36791
25375
32999
24530
32255
44571
64944
32718
31335
51118
37154
36774
31333
54088
60777
60983
39977
61936
50254
38861
55857
41312
56611
61446
9497
64428
35173
54049
42400
10655
62344
39397
51248
60700
56112
45086
30131
52885
50890
5406
54175
23066
8448
56284
30623
54757
36087
12481
42405
24615
31306
46982
9720
63035
61064
53365
31845
21183
64836
47307
32356
42170
63168
31030
61931
27940
54780
23607
22001
45092
22263
48883
60352
56292
54961
27305
26015
54845
14694
24625
30130
47302
29314
23084
61722
30887
65201
62682
28175
30774
30634
55562
40328
5661
27016
28414
25766
35616
59084
25538
44296
8255
4761
24607
5931
4317
35481
62154
29813
23047
64482
62887
22851
52794
39951
26888
18565
8551
18463
32030
27629
51467
36328
51660
1986
34711
13765
54278
60040
35890
59523
46788
61544
60050
32990
53368
40444
24404
35133
28790
16204
60490
61371
19864
45080
51583
23220
59166
6088
49987
56678
59086
48077
61131
48565
61709
31049
64603
51772
60326
59759
47471
45081
42432
28506
52215
50543
48642
54192
37699
52514
55720
50677
61262
56800
44891
64989
25963
23459
