37226
60575
2013
28822
35642
50525
27789
61870
21297
23646
44331
50773
4370
32823
26035
53058
23369
64269
48191
35190
56143
52616
47555
34985
28394
48084
22970
32051
8848
36457
4242
16056
48894
20769
36365
24570
31324
60992
38462
27851
60724
60717
40493
51318
56970
37540
37575
29665
53794
52840
47547
56413
54844
30439
62198
41298
42815
23754
20985
61127
22925
32226
65048
31353
26804
24727
55580
56661
55123
39064
27602
8765
28937
59660
59013
34826
51316
40036
20224
40039
63568
21798
59210
44608
31352
9520
62392
48668
42767
34853
62799
42509
51974
5239
65330
29302
26779
16340
52409
44654
2911
63324
2912
4687
47789
30355
57510
54752
14110
63650
47338
42931
40693
31280
61660
4996
