37271
20017
25516
20018
37609
54069
36483
8192
16620
56219
56283
21617
29347
32505
44317
63180
20062
3598
21583
12335
5638
61960
21295
33014
28570
56296
65621
65148
62250
38953
14152
24369
28932
64850
14851
35517
42522
31032
40702
19282
24176
19659
24930
7240
61683
35485
4625
65104
24178
37217
12259
12733
33370
58688
29815
64392
65248
61032
53878
6606
47673
10537
18424
54478
21831
12525
12088
24080
63886
21841
56531
25126
12962
13130
37483
14047
21832
7183
20544
12714
2260
14515
57644
19295
59825
39003
30658
2360
59714
20053
62171
39404
63869
14835
47716
51006
59853
3666
63356
31394
59619
59751
11614
64094
42810
42604
56396
46826
64991
65594
63871
34403
60165
54496
53582
59820
31664
24303
52604
64887
61202
51948
64927
62424
52594
47402
61553
44913
40952
43047
64302
51839
26837
63627
56412
5511
23445
42489
59128
45407
61092
26486
58693
21421
18123
46824
55434
54017
26991
36740
63572
54448
64496
64053
39210
63138
26749
46847
64370
53942
