53742
8868
63968
63734
65495
42725
65567
30777
4153
2847
16295
36965
62444
60509
15562
12782
61039
12620
56460
19884
26314
57156
54242
54232
17817
35705
62152
59172
63756
47457
45000
10116
56899
11133
26318
39801
29039
64120
50563
61708
9434
56459
61924
37961
58842
63744
61753
55374
59192
63570
14603
29548
51295
34566
51520
55083
42478
44457
64556
63774
42575
39468
64172
53812
58859
26315
55393
50220
52608
50706
53001
57098
48224
52193
63502
48587
37080
62979
64095
5903
47486
41446
60027
42373
48386
56623
18788
65182
65100
39829
57183
63611
60438
63887
63913
24055
