57012
4511
62268
4811
65459
65231
62077
52632
50003
65058
52111
45283
51177
27512
28135
31517
55816
12778
62040
2966
55021
19892
25191
52664
38731
31898
51156
65012
64670
53695
63265
5665
55622
40760
47796
44630
44773
61363
62869
6152
23940
56190
59783
61308
32595
51395
63321
56359
32753
58797
58767
40429
34825
23900
38680
23596
11101
29761
14344
39031
50572
19889
42485
25576
26927
48267
28704
18853
22047
37874
8018
62619
31985
30839
53094
59510
27818
36371
7102
36323
23842
25186
60752
55554
36023
19466
5372
35217
5093
41053
27543
61105
35018
44282
64016
59748
6115
54246
17764
45627
61190
4158
19468
6776
44662
39367
55990
48885
15211
37538
9144
5524
31697
41850
36212
56485
19339
47021
39542
31457
40823
39370
64042
62666
18525
14264
4159
35377
21040
21224
47951
35379
35909
60416
53971
60608
61645
37353
31493
47328
65162
56097
22214
36527
517
27875
25229
6974
29395
37352
64882
53262
40004
65325
30514
28134
34736
7485
38141
22132
55629
23801
18961
28317
33290
27926
14533
28631
33337
6458
61530
24668
4577
63177
59078
6457
46850
24204
31991
64379
16547
7247
41885
63904
24827
48278
56625
22640
53189
56827
20013
45049
53025
19528
37607
14944
40559
29329
55696
58933
38103
27445
49946
45101
24818
58924
1128
39852
64152
59440
2155
22345
61051
28898
56825
52813
4181
3986
54774
14321
46792
35685
20963
20550
48384
61959
29406
27497
29462
9530
40375
42363
24925
6362
6709
39197
41352
19986
59244
64084
15044
39477
56658
64400
59365
58802
6692
5091
52679
28136
60639
47107
54089
15028
5563
59630
35300
26926
63325
52648
51870
40437
24815
41954
64565
61923
60714
26028
18212
37535
29541
38493
54614
54082
18724
40373
59516
21535
23111
22884
60192
39442
31941
62570
63688
29494
61249
52984
44334
7036
28278
16301
64629
59380
47814
24676
47028
42570
31524
33229
22377
31527
39260
55868
4512
18104
28407
52348
65018
2813
60656
64702
26666
32342
61627
62272
42950
44235
44236
30315
37565
42599
30943
33041
40504
22641
17586
34660
50746
51329
53733
52909
63903
63258
62537
52014
27879
64820
29769
