57077
1286
45115
20695
12019
65467
65465
55526
47614
64923
28683
35742
51579
4700
51792
24416
12420
44954
24467
36664
60665
22064
28729
52152
59665
54997
17126
10819
59239
38306
65062
28107
7552
10820
44301
60798
31267
52287
44468
38195
58911
35853
27861
38859
13620
37326
11309
30450
26280
56007
40165
53792
26019
59722
33202
7081
18467
59400
54414
13658
52291
57562
41066
12925
62660
6160
24733
54489
1316
19336
7192
21709
5565
51877
1389
20625
44506
30545
62742
9166
60886
21006
15451
58973
60672
13324
13867
29877
28987
17602
17606
9050
23858
1456
41289
10634
12237
50177
61663
36714
37358
56988
21548
45075
52389
36670
27607
19597
30550
44878
6128
34957
39949
46782
35049
20097
53214
22675
16918
47628
56161
29666
62877
15674
7548
5224
37619
39347
37407
62655
6129
59195
42545
24679
38548
34893
40579
10586
9048
53795
8201
53667
39881
7877
47844
27256
17566
31940
18400
16703
7655
50228
22682
1121
1757
64769
12872
60718
44791
60889
13416
30858
52854
58891
17016
24426
60242
11564
61357
27550
56938
50244
64858
24005
32492
39571
22598
55553
37946
21601
31367
65082
59938
59538
28486
61566
62527
58873
37974
3583
47707
11122
27053
41
36324
65354
47542
27916
37837
36951
53047
30831
51896
167
46963
16875
65026
25324
1282
33323
62266
31258
42213
53867
51039
51324
48812
39831
39838
61108
50150
34791
35369
42549
18922
22518
58882
63480
9084
25618
20704
18042
65301
47142
65532
6628
45262
42551
64509
36697
37273
15148
55873
28368
65101
45389
1613
44166
25668
64021
60831
65263
39591
1909
37899
17339
1722
51560
57259
56126
3823
39968
26093
18216
20297
23829
20204
62875
35555
61065
47019
32832
20523
44681
40916
53487
31848
42003
1530
29703
52574
40258
50248
63274
17309
64627
23951
64812
34458
31599
54422
27779
2882
59528
25598
44959
26634
26279
56507
31249
39046
8904
32872
54863
22153
15402
62394
23124
57522
62235
48716
40769
148
22547
1685
1667
45666
28148
31621
24656
62215
42579
61656
16033
6940
22267
10351
42552
40813
16840
60126
65009
56338
63812
45112
3861
61996
12986
36849
32610
7320
26157
20353
15384
31017
54861
61966
56019
51735
48230
51397
5588
16266
52241
39615
5366
19701
56577
26429
1721
30172
1430
64452
64630
11012
60956
39764
42043
53979
59649
64580
62879
47360
63165
48746
54660
53662
62571
60058
57377
64959
64309
63528
53215
56395
61859
61637
58819
63065
42977
56397
47557
26086
24905
23062
64632
32287
47086
