64697
59067
55230
32961
40265
59136
15287
59992
62594
26643
32221
62695
62015
9871
56905
56666
5050
5602
55655
54216
20733
57246
62762
5297
28230
52154
24251
52243
31402
17413
59716
7597
2656
5605
58779
61833
35535
61388
54847
5776
21965
20189
19063
62788
13595
50048
58838
48094
35183
45183
64501
5797
45181
57241
27712
64669
57233
60579
55688
6183
64761
38408
31902
37680
64422
19546
53392
25866
62673
23925
10050
45172
32001
20036
20416
65385
57536
56812
36669
50739
3409
56992
63308
35301
39699
42346
44627
63366
3223
40100
23868
29082
20396
8139
15206
32401
3270
12211
57362
13983
58871
62997
55644
53256
65189
3271
64947
26874
53320
26642
51368
62117
42402
18936
26997
53353
53791
31430
48114
31297
2975
38998
52344
62155
14677
63552
52806
31152
56650
60837
44620
59361
44615
64967
52393
51432
64663
50076
32764
56807
64951
57185
