17316
4433
53986
47983
59478
63158
56769
63413
59699
12151
62824
40394
31851
45305
60525
17394
31670
40855
42967
50297
3157
29336
28249
17235
21500
36863
6996
54273
52830
40824
39528
45381
233
26739
54796
49967
17225
52586
7279
29529
63673
16874
22403
26651
61272
29515
34653
22755
38715
25376
52923
27627
9805
31268
44811
34909
34475
16112
44243
40528
29431
28002
63763
39503
23685
34939
50367
60200
47383
23687
15635
23147
27998
18434
59077
40638
24017
6640
47651
56603
29299
54248
25255
42908
22981
23611
23645
41283
24088
60553
44224
23742
31486
6641
12037
60061
41230
18011
44363
60570
37763
32137
16093
17879
9133
14766
32989
52738
59942
65096
5063
44559
55443
60568
48085
5112
28454
12644
60501
48090
19617
61227
9860
51532
18001
59191
47458
36575
1475
45246
32387
50967
31072
22730
3582
9608
63105
31644
25954
39345
23467
23626
4053
4052
44744
57046
53976
17969
53713
38079
62091
37349
2094
61905
11547
32585
38316
13112
62546
62895
1143
24655
37114
51047
2159
61243
63742
9062
25018
9589
50394
48561
25253
31652
18717
22998
55465
65140
47487
41450
26917
56857
55967
52649
13156
36682
27490
25967
11141
27808
53307
27388
13908
62844
64997
53202
55167
25779
40543
22067
57068
40531
19567
62443
12969
32365
50851
44306
31408
53312
47027
63606
65610
62986
62571
56453
50194
60516
37685
40858
44266
44581
51519
61925
51986
26189
48475
14849
56397
42977
62540
42303
50759
51321
