28222
38724
40593
30562
51952
65276
65623
65241
64432
31314
65027
61269
59378
52204
36357
55690
54438
20166
54733
22014
47196
19958
54838
62878
2180
27960
34769
60884
40378
4423
62873
14827
25446
28466
11624
27876
27173
55862
13581
59029
5135
61635
53628
56195
11601
55337
59506
29296
4424
22805
27168
30599
27237
54586
61306
53356
47897
28679
10183
39273
18813
50512
28195
6066
31604
29950
64672
63380
53547
29845
45264
59257
7845
23339
6067
61527
21921
52674
2666
18115
29814
62649
40201
3426
28221
25905
58963
35194
42900
28836
57511
64741
65432
15602
38373
30158
36112
4579
15150
12352
36999
29643
59433
56201
59197
47636
34573
20148
50523
5285
28554
48681
37110
25829
60835
38302
50001
40386
31043
3689
55239
25808
38232
2935
32671
64163
38047
28576
64423
3826
22535
53323
20150
50574
64892
29191
26352
36681
53552
54541
9159
27286
27307
17124
62479
41918
35694
48820
27115
37505
29404
28986
27165
64091
54244
59427
56213
61766
25983
27152
47481
26571
37004
27098
2829
50567
40431
36705
3824
15898
35016
49946
37000
37387
57459
64101
11347
63949
63162
19513
30836
13516
17626
40875
61842
5889
62189
22389
6015
35057
20349
59870
27782
40588
13461
13964
28760
31963
11383
60522
21472
50896
10742
28878
55794
55848
37953
26390
15669
32613
64954
28610
5083
4536
842
22677
39292
52278
55692
30978
41318
15655
64703
63935
8853
60839
15585
34503
16530
28924
30590
64895
62051
39667
62820
20328
27859
62052
28200
21475
48817
56675
34716
60475
40974
27107
22300
41075
22678
8568
40976
38092
52837
62807
48463
64024
29601
54675
64766
19870
7678
8066
52508
34397
35144
64773
38610
61290
558
39848
8130
20362
1191
15553
30132
54426
21618
9747
54466
40717
24959
41768
64800
2231
63933
6673
50830
48396
59482
33043
28111
51705
26254
24095
38707
22593
60424
65222
58926
60420
65578
50775
63344
41895
56662
55951
27280
56202
59483
51041
59549
52652
39013
48526
64919
