58783
27105
63194
62429
25936
2940
62633
55637
33026
55194
38156
62754
44903
8670
15526
52578
36390
19273
51128
36491
36249
30402
8595
13469
19551
5523
64430
14574
20988
61217
39095
45090
7931
2573
24280
7362
61361
48334
63044
2948
50690
50455
40447
50435
38178
61718
30594
2930
26068
14130
2927
29963
65564
2934
56267
20174
62661
54133
26360
24009
24171
53703
58923
22240
62405
53797
50436
17954
23122
42572
58660
27224
29368
41029
60763
59477
5186
1734
63615
8694
25679
14900
61485
65647
45376
63101
14221
62857
60871
60845
36008
48579
14222
26095
10871
64433
19595
49945
43040
21354
64727
35687
57592
55184
42947
51390
12182
32405
53003
7989
26500
29945
36814
30746
23522
53817
23514
11660
47979
14912
60506
62718
33028
37037
41244
40371
45557
51847
26548
11158
36816
6992
55972
33381
45560
32285
38059
56554
25232
52526
44857
38125
59742
40434
37675
56913
59026
22326
17429
44338
56136
41343
39568
27192
24436
55171
54180
58654
42528
31822
65350
21647
28734
41773
59201
62863
65164
23474
25354
48709
63375
65163
61962
61893
37356
60940
64018
28960
19773
62417
16905
59610
47886
53179
40135
48744
60294
47433
50095
34739
35038
24722
47978
