61609
63147
24356
42826
65332
65272
56562
3880
6899
27203
47593
51291
20086
34877
52609
61908
63102
64658
44409
55235
48358
48116
32093
60293
56021
7825
59307
13247
12593
62236
9117
55575
22595
50554
20628
32727
4894
35362
12510
6523
60296
31045
55589
35374
64781
2376
42362
57200
62966
2978
55994
30769
24545
23405
50021
14820
48273
31787
3981
23133
63516
64915
13866
61781
20899
42752
12722
56705
37400
13917
56392
22307
52982
15978
58816
41654
23185
1152
50877
13113
54850
64615
54239
28279
30790
6965
22748
64985
39580
30758
54285
6254
16156
37403
28588
39926
3842
20629
3766
25220
34609
38254
25327
23042
6272
55590
44436
32343
61420
12020
21394
422
26547
59883
54992
6478
59384
4763
24403
4764
52859
18866
52792
31544
21575
51923
439
31047
4654
51707
44990
14427
25603
59271
61775
421
56788
63046
34477
27839
24006
7840
47594
64099
40633
47350
36454
24209
23663
62779
64011
63768
23189
62564
62423
36223
47732
61661
45126
54618
30604
36206
35536
62679
51163
42860
61969
8096
12257
63037
22644
57036
33164
51671
42909
7296
44860
61487
35278
56977
37920
48707
56204
44900
62286
62885
61688
41386
63314
19047
57198
56772
55761
53366
65125
24715
58691
65068
59536
