45300
35623
3930
4938
65470
65034
40303
45222
16423
47602
25999
38762
61513
29759
31229
56203
55005
46918
19894
14112
60117
7475
23718
44694
30288
51379
24185
45421
21868
53079
8121
63154
61208
64332
63398
20243
38390
1756
3490
4107
25641
65021
61773
21872
20483
21855
16679
64210
17803
38842
3878
4743
61567
59448
29990
20783
61024
14951
30712
64918
4012
64838
56499
63328
59578
4936
65087
59418
52980
26039
53966
65337
24621
61502
24184
37990
23268
52209
47041
63537
31575
54487
60548
59285
34868
48379
37257
55918
53151
64811
36917
62380
57485
54572
57256
4279
51241
61563
