3987
62434
54681
22699
65347
4473
32761
42429
25172
27214
15938
32547
36045
7091
19574
63618
39228
55644
55207
32027
50803
54995
45570
3221
53381
24471
58777
59032
32559
63418
7090
7773
55069
28981
37706
48404
61293
40392
8139
64220
61586
7344
7750
50041
47452
9703
4609
28561
26343
37310
23924
57577
21777
52638
63441
50315
29807
4167
29840
36799
3110
31641
63462
40341
6548
30964
60929
37171
62645
44733
19807
59915
62961
29650
63373
48889
18096
61979
42462
62194
60549
2789
10057
894
12967
41613
35831
51995
48732
38157
8293
13993
38182
27962
57548
8738
41237
55907
8460
26439
55855
34476
48497
26760
32454
21811
17234
62109
56626
44963
6329
38728
10752
28161
40140
36260
41329
41623
12053
2451
42635
63826
62648
51167
59910
65179
26758
42585
12346
53256
25485
13918
47103
32275
62860
13983
26326
15206
63502
22095
55906
62137
3271
42346
44627
53320
6154
31902
20402
62635
38408
61713
23004
38482
63366
3704
61393
57424
60830
64375
40282
26514
48715
12036
19074
58826
30477
28248
4855
7696
15267
36955
17382
27443
64007
18397
65258
59072
37889
63326
31405
61742
55513
63714
63149
33361
52193
48587
37080
22695
32635
62778
59821
