12343
20953
64426
65297
65377
39213
41831
45223
10086
27723
1711
40836
54783
16971
12675
11730
41520
63100
13025
28229
18898
48625
24524
60820
46802
58713
57148
2172
4130
10591
38946
42517
18010
17719
50320
15448
54942
21446
25690
56020
6175
29483
34988
15224
16577
35619
60278
11061
41497
55485
43021
14448
25969
62534
44503
62160
35966
26379
59893
39880
62122
29429
64353
20912
48831
13406
60175
17500
28040
28867
63620
63103
54073
63009
25846
35763
2081
33160
16786
14884
53219
65083
47769
30577
52783
12824
61744
3506
1786
31154
14530
62491
45320
41367
1891
41777
39383
23391
2658
11774
48170
19569
13680
42787
2284
8452
30735
11481
60715
2226
33240
16232
42790
23288
42415
50633
4388
13773
61940
52892
50802
44086
51676
7560
39335
16376
38990
60397
41203
9623
56257
36815
63621
27645
44245
42511
32208
10845
35639
25922
54159
36075
4129
10759
41473
65029
12654
56952
64533
27052
13364
16270
17512
29256
62776
32384
31519
35433
63911
65150
25878
21191
2889
54582
7125
19740
23609
65152
41217
30380
18297
14815
13133
3284
23755
14975
11544
53732
37245
16189
63604
51266
36676
48610
63579
27181
60322
58949
64770
23643
45149
18679
51584
62406
51875
63424
21996
27562
27227
35794
6905
28749
25534
50799
59266
25088
10825
35601
27760
39276
41040
45372
51269
38664
11670
8967
52977
39289
57021
24346
25185
38555
31028
24885
25870
63303
27480
62669
51335
34602
9895
9246
30280
9233
31982
26648
54014
28938
56677
61734
54403
51187
44710
54121
61187
60357
36610
63316
32967
61400
57501
48752
65376
58885
50818
61390
10099
27690
27150
42662
48132
57236
39428
56743
52432
62508
17196
33080
63672
25688
50061
44283
57491
40455
17945
51407
51694
57261
54152
61137
20130
36408
34588
17947
54726
30209
64362
57242
18125
