21582
420
2576
48572
48880
16833
11726
62399
59651
27047
23701
58975
57497
51565
23554
30299
27851
30244
29192
29319
236
47595
65167
1095
63928
34942
29200
50246
48653
48632
23672
19391
39268
6032
22970
37923
32643
65383
54787
52387
37712
64803
63497
47687
18976
50318
20214
31950
42656
44865
2872
52098
55747
63550
64344
62524
54934
31687
58726
31309
6898
48207
42974
46933
24557
3043
61159
25888
52927
64716
35138
53918
41774
39352
10763
64506
45125
39716
49950
60724
60547
6185
48139
9739
57080
52092
32641
7824
65044
40616
42602
24411
45208
42775
18537
64747
61776
41601
22497
19888
64215
64176
25669
51288
31818
64744
60179
48195
4190
64181
25063
62967
60359
31800
42611
51489
23671
41686
50431
53987
60727
55695
39121
23223
17276
40946
64279
35188
