40489
19795
25201
5203
38138
41239
38544
16722
16081
59700
37751
3122
56366
3004
53021
31156
60008
9510
17999
63217
38429
54523
16470
28070
1738
23081
53608
8491
7990
38666
40604
17433
17660
64814
63104
37813
17623
27776
40001
59216
55773
29578
20632
747
26707
29671
24937
8109
13979
41184
1433
50582
13448
28438
59178
48265
18133
63946
56034
42503
55135
28067
55389
29463
9204
9748
12220
8319
42812
56036
9203
3333
48424
16587
17257
8371
3030
6570
21513
53806
8328
3485
64107
36378
38135
15489
12068
50124
29698
63562
51420
56144
35989
51805
53808
33142
14594
13947
44500
15559
54619
38572
54621
52097
26347
40997
55159
3387
16028
13131
40485
15079
36867
17128
39258
19753
56147
38949
64461
62945
42696
60199
32508
53338
16025
34809
51262
11555
65408
46825
17960
2494
27318
40162
51230
50527
25077
2536
24272
17131
31225
20648
23572
47363
28285
5035
38116
33267
36169
16948
5382
9749
39581
63183
48287
54800
9681
34758
34895
61762
54776
19832
18114
42345
38162
48775
8819
8650
31782
4685
25054
39925
54332
65227
55444
48251
50304
61616
50029
17492
57354
59372
47454
2885
50178
18168
18490
2501
2502
12399
17048
54319
61471
63495
54142
53840
28360
18581
22692
62043
26936
42874
32180
34635
5041
53073
3107
27424
13699
12989
20308
2414
44229
20151
8918
20380
44514
40602
17527
19056
2515
28795
6853
53767
3052
44719
13172
11480
17511
32517
30089
31700
20513
36592
19431
3895
31205
59213
4101
11932
57488
31709
26479
13132
55193
53891
54340
15805
51033
32114
23571
47180
44866
15474
47778
16622
17262
40770
62814
55418
55197
20461
28021
4798
53087
30523
5893
61806
61080
54310
50781
3275
3274
48292
57094
13186
3053
45604
13635
17723
17430
23517
15230
59351
43006
65561
17702
31862
27845
17381
36969
38106
48113
35928
45098
14792
48391
53278
2245
28346
24834
21776
11367
25359
60254
35709
3568
36148
56003
59677
54479
48855
25718
17516
20863
28034
37094
12735
35562
20152
20010
41917
35273
29605
28232
19199
56024
35439
64049
55858
20273
52603
18107
30541
59983
37198
23719
29822
10040
25756
7114
62737
23466
8825
8925
25555
5036
54449
21866
52072
25321
27363
21296
59134
16187
9305
6969
23174
32216
15251
13606
21507
61352
16287
42805
12513
7542
56151
64949
60678
40055
36267
44884
15789
37943
19530
41464
56889
65041
32606
44121
63056
17236
52740
37451
25895
32649
48844
15250
36806
64521
51507
54229
54230
59049
60603
21806
21870
36495
4006
34564
55777
38068
57508
62711
59471
56815
28069
48289
51435
62618
64825
44156
57359
18920
34496
27852
62505
50131
44250
56735
50492
59459
48601
59052
48877
42721
61865
56244
65139
64746
63694
57544
62832
65412
35040
61895
56045
63795
41279
55964
64416
56922
13739
52165
56773
62615
57230
59531
59529
64457
20381
64846
55890
56803
60426
35058
64877
36425
48530
64470
42526
28393
51345
65011
52629
62955
50581
35285
63306
3367
20111
9647
11879
61497
47986
63072
61122
59974
63064
62709
64023
31512
56733
65028
56043
44192
15990
28239
37077
28764
46986
64372
7274
56125
47904
5627
38134
51773
52563
65336
21514
51776
51274
27890
63581
32222
42660
28385
63603
64734
64010
56589
12051
57366
61602
59125
18180
64588
63057
7275
25785
13393
38026
54583
62568
42642
64807
64469
57503
59928
15689
60435
46770
65674
54252
52108
21510
59972
58948
7276
15248
48622
53857
