20507
32412
61549
51861
55460
64701
47792
56325
65010
56820
56790
19667
61284
51036
22394
65457
61552
45021
56394
51007
19495
48418
18078
62016
60709
41886
64886
63329
20206
44767
44754
43045
64568
32349
38718
11493
3164
59686
47365
28787
61560
45330
33320
51785
53745
59696
51251
44738
26735
8704
64242
32475
25845
47453
7653
7650
32411
62647
14506
32676
21140
50101
36195
42386
34744
50100
62617
53062
59703
51217
41465
60323
40297
54226
20101
57572
57641
53927
47791
24193
59712
57474
22075
56984
24532
32983
55942
57214
53542
51518
17248
50235
28786
23750
39476
20586
3372
22918
37346
17671
57505
40573
24385
31853
15762
53359
42146
60632
60019
39234
48156
26442
34441
