4464
5809
16015
1330
65622
15969
55252
54213
21008
44298
36848
48158
11473
16403
8238
16646
32926
31637
32954
59862
22033
22656
16462
35607
25219
11565
4381
18824
27460
62310
24217
40851
44567
57189
42338
60038
31133
23498
41057
25254
56730
37279
22657
17272
64864
21464
36846
9584
16205
40703
34975
63295
1669
63507
8457
39382
62915
44450
54315
22792
20870
64088
24282
61061
36225
2257
18726
26933
42041
18990
14239
35683
47321
17200
10141
10662
36325
3685
63140
18279
59345
9175
4205
34611
62864
12794
29217
8731
51654
62842
44647
48272
5185
53482
44330
23649
36943
28237
48720
38311
3237
15681
6637
6341
6197
31769
59891
65207
38968
61219
6144
47434
56247
53237
