25836
61297
55414
18100
48773
65024
64990
51643
16829
52657
37393
63270
29793
57013
48809
52857
29902
14673
27954
52504
56330
65307
21619
63896
22610
64794
23206
53652
19666
61407
17293
17963
44715
62269
51806
39190
59897
6807
48753
58658
1760
48202
35658
63494
61607
52026
48525
59144
35650
38278
53443
40609
11900
16454
39444
51804
54503
58811
65020
41357
40107
14725
59481
36640
46898
50060
40537
60527
58659
39221
8698
56285
59030
54506
19912
29016
39235
2219
61044
14723
28622
62826
64026
10574
37850
2403
64640
62905
38886
35022
17424
24
25746
61595
64608
39877
23672
64738
64735
23275
60623
62432
65037
25775
3980
64750
36736
46976
50747
61068
31800
8946
5056
59965
21701
24972
26964
57232
39063
32660
9693
64854
41845
54247
31956
39624
53996
35462
31424
16959
3464
59502
39254
52507
63706
53057
25276
41456
54585
7605
149
35873
32507
63567
20270
50352
26711
22651
107
28
55833
14899
13197
34948
4219
20259
14326
60805
20770
19391
44982
61472
59855
7492
33276
25780
60210
64256
6446
59695
25206
58680
60533
61564
33045
48213
28538
52962
39957
48835
63401
35416
22041
13671
309
64477
36660
56566
47043
18895
52955
48862
65206
51068
20353
37851
23671
25636
29129
57423
23148
22585
53118
53277
64345
15650
37020
32912
20736
32151
62101
19964
63351
31678
54462
54454
64213
65123
2923
54044
54282
3969
36200
44618
9518
44750
36038
44814
54118
44484
50833
58681
16836
62302
52510
7949
7410
38327
51548
19447
31212
57011
6323
55347
62675
31892
25924
53850
38287
9265
34395
24014
24986
4827
20692
38875
61224
19317
63951
61139
41041
19803
65379
47339
22429
2421
48322
62702
51446
11499
41686
5109
64479
13649
32149
51669
13768
64517
30190
50985
32463
42011
8317
8318
61829
42611
59790
64181
60870
56791
20427
1065
35370
1066
27649
36188
188
983
63711
23935
63822
62768
47739
47765
26814
3135
54274
44180
57257
62094
30992
51911
60269
63599
56684
63146
45134
42059
35612
36071
35894
41608
33122
63501
26726
52520
28000
21208
16725
48676
64515
62764
44513
18989
64124
63729
47984
51038
59308
57418
62724
4000
50754
35424
35188
64835
15191
34419
63670
59334
45145
18464
