15109
36123
7448
50511
39361
7399
53803
232
63655
36418
62691
32680
45343
2006
57529
20021
25469
59404
57194
12864
10018
48455
3524
53505
1202
5438
62735
63242
63546
16839
53805
10995
56371
17099
33365
53719
22729
29842
29120
11809
61736
33213
31130
22861
24780
53629
52407
22363
35024
39131
41176
24605
22241
55360
61898
37907
42735
63090
56520
33181
12865
12178
56237
63703
60800
4178
31727
39435
53711
31459
53319
22201
47640
62441
62180
40182
20592
41396
32913
59997
51759
40843
3696
41471
34577
37445
52513
50643
61732
31126
36625
39901
31649
57286
53235
31129
51417
41813
56695
41529
61491
50959
52747
29853
20877
42434
52374
