59818
61178
48154
27535
15681
63386
64158
60933
64868
21160
27035
6777
23271
16431
45178
3239
2139
3237
29065
17791
29975
31619
29972
31758
28234
48667
12515
27031
8834
18572
26596
45316
42361
15321
27024
21405
48403
13717
28442
48636
36468
48794
64914
10681
3360
50655
62789
33153
46882
47980
54543
19702
50481
29067
19044
39864
56736
9432
3758
61942
15335
63978
61792
35695
17629
21389
13594
63555
28237
2143
9576
61384
22286
14680
5830
19040
13523
64330
26933
36325
34975
64582
6637
2141
41752
6638
60026
14817
45386
18990
35683
17200
10141
10662
3685
51955
4205
56989
21016
13682
3804
7591
18726
14239
22792
20870
12794
29217
48272
2257
12916
24868
63041
44330
63087
15467
20637
11616
62798
61464
27223
30435
64698
63013
34565
44565
64180
64211
56734
64013
50300
41710
56543
26597
56693
52117
29800
56247
63438
42581
51781
35637
40040
54527
47434
6144
2829
53482
