60738
57373
10891
54178
51516
29831
5783
48864
1749
1420
30974
5581
13703
27210
27435
46890
64065
44623
31160
40400
30018
55127
37165
28707
55573
5173
20618
59350
30382
64957
41034
21602
53081
5544
59560
56887
53152
9866
42438
53163
4199
59109
41033
55213
4032
6381
55138
32535
6217
64772
1877
48584
5841
21875
8985
65059
27128
15837
4103
24831
5442
56534
4483
53106
6496
39112
54379
27274
62581
48325
32501
42530
27997
22616
8714
3297
26588
16976
27028
50878
15607
64240
21473
15387
31733
8539
55342
28125
63123
39989
62658
19686
64726
63215
31304
63449
27987
45665
60471
55988
52910
60444
53984
59269
59182
51637
65070
61866
57468
64910
7127
64941
65049
62156
