45285
65308
65405
65423
37525
60430
60872
9292
21842
18437
60999
45674
5312
8620
10406
224
21905
13718
131
64844
46970
19552
50483
13830
50485
65230
646
42296
35715
44405
27813
59829
63125
40323
59651
51565
40473
61533
35764
24867
48803
15524
51240
42698
35832
1012
26403
61366
941
702
37521
42450
39520
44109
4868
23276
20925
1391
20931
61730
56747
10672
1865
64963
59413
57510
29876
64173
58759
52625
58956
39710
50489
9883
10280
63691
22374
37417
60314
59367
57375
57273
48392
21419
64174
54418
64146
59824
62518
44839
62457
22970
52992
41601
13519
57497
64952
37128
41399
18361
64087
40781
63198
62603
31438
63229
61678
61534
35095
60148
50264
58959
19156
64238
48491
51908
52417
56946
55574
65039
58979
58889
55422
60979
50233
29517
27366
45204
45085
27517
27761
56714
63409
62220
30955
52232
37816
9833
39001
45016
64227
53325
23884
63948
55870
15838
44937
64080
38542
63271
41080
45501
64188
56343
34582
16361
44452
30203
38710
46809
59532
53804
53657
61239
36138
28394
20105
54169
8932
61889
54616
51356
165
4836
27725
35094
35182
29424
14729
48247
40082
62067
62060
56947
16370
11583
35797
62139
37454
63012
41275
