6199
16142
19519
57000
56741
65525
23382
38699
36
56637
65129
40032
52087
51844
62099
1993
3278
52420
49998
22854
26
20684
2295
50438
2392
37807
29734
23016
24569
15469
24146
39038
39759
63679
22114
18745
2290
4119
31490
54620
14558
14559
59007
30841
22529
38711
1385
50193
18826
54254
47078
1622
57595
26101
60834
16705
30491
1614
55025
37368
16227
16033
26634
51614
8057
64872
51025
62235
55139
60055
9634
62215
8588
13445
54457
64481
38708
39525
15946
2707
45003
15939
64793
38436
42993
26157
59227
47880
62610
6925
63812
10565
15384
62611
63947
63649
12101
54197
63074
60893
59874
21178
50205
45078
19561
35396
19922
22853
64536
15662
47824
38009
23750
35714
55650
61881
27664
22393
35003
53542
17248
50235
22386
30224
41569
45334
31931
63702
22332
63961
38651
28786
34441
21851
44777
5365
39809
35524
22918
32389
54207
41649
13909
52027
23356
41951
64595
35168
56917
19394
25471
57505
24193
39234
63329
45659
44140
18078
20667
47791
22505
56984
60709
41886
55942
48156
63970
57214
64592
17671
61284
20586
51036
40573
53062
20101
28099
57410
36486
20875
54381
44355
56584
40425
16957
54531
12273
9835
16861
55521
17056
28835
16305
14983
61966
30936
12274
61879
3601
29096
62127
55651
65327
39756
239
65133
56033
25612
40984
41002
24571
26160
5785
40806
22295
37196
23620
16966
60801
11262
15795
45036
37893
39758
54861
40845
55237
12269
41
40664
3883
56975
6945
1478
55693
47050
41678
38938
60770
1282
33323
9084
9254
26818
34745
22601
45371
20507
62321
37710
48510
51610
20204
54863
16107
53539
31599
24123
61078
3169
40813
44478
1530
11122
6949
27550
60126
40258
41377
39591
1909
3373
50197
24019
22267
7320
27051
28961
21512
16771
27609
56053
60782
59789
44383
54279
63372
56521
56410
23092
28088
44173
65295
38961
60220
65617
38518
64771
59703
36813
54759
50211
44789
54943
63228
62489
25108
60058
32832
24905
57259
24307
44123
47613
