25815
60823
37482
40506
48923
53863
42699
57066
37495
27670
16284
39646
29427
4522
61413
35604
52534
19351
55926
17202
17922
65438
42514
51594
8379
16352
41583
29476
21242
15911
41558
33344
2477
56207
4396
39322
6936
40512
31028
23505
45499
16835
64546
32787
28092
42772
62276
53070
34756
37646
31151
30016
2401
44809
64547
37068
35306
13945
26750
41740
24138
19544
31575
30673
61502
4341
35632
27647
48282
37254
23439
27689
9852
39892
10028
23031
55675
53739
23258
36139
26676
53973
13024
62078
61329
55402
64594
26044
32470
59376
63943
34558
23048
32112
40621
60663
41513
63906
63936
62299
26519
63397
1901
55735
26763
4799
22173
4395
