16738
620
9406
42110
65581
65652
54145
53082
35296
63220
52914
55011
65370
53165
56673
52221
35365
25571
11265
9214
54988
27095
463
45161
38692
64356
39129
6887
36881
37912
53967
47144
29516
52826
29806
22484
55304
4813
17936
64050
32369
30892
35186
33231
54005
26225
44664
64394
55756
64883
64459
61851
32556
64057
28617
61997
47585
57053
38153
9618
62921
8668
59542
64082
64474
60703
59408
58676
58669
53303
60228
64041
62006
39382
64193
63419
62222
5344
63595
61994
41661
63680
24529
63820
64121
63538
9609
27234
48294
51741
63345
19302
48502
51169
4482
19488
59114
64725
4127
62813
48397
38879
59860
47001
62307
11606
50261
64523
30552
42319
61574
63545
61537
65364
26221
39336
50845
21092
25894
51679
26223
26220
41950
64051
56776
29419
28311
63534
60195
51808
15391
