64984
56752
63713
48479
52133
7119
21482
19514
4680
64116
24329
52380
50440
37319
34561
59278
31237
48895
60405
41144
29760
25279
25218
59951
53879
25217
61765
61686
60729
55782
22712
23706
60723
48167
34539
51932
38412
8518
61901
58924
35178
24818
24827
58748
47141
51556
40272
63966
65473
2493
24478
63596
63965
39671
51341
64935
55647
22329
63120
39262
37285
45363
41912
52652
59364
65195
59085
32159
30006
32783
37073
56607
52968
27432
54926
38995
60628
60042
60757
41900
65031
26378
55654
56047
55300
52570
54367
61458
16674
62282
63857
38283
38690
60698
45237
59512
45538
57587
28348
24879
60211
36451
63281
59433
