65286
65571
17060
32940
60846
32022
38903
56399
6752
62216
64870
3624
45280
53750
58991
29801
11220
62388
59487
31361
30230
33009
42370
36275
30750
39214
63658
52325
56271
35923
56891
64455
20262
42998
64043
47695
47690
60499
45175
52334
62090
56012
57228
30377
48646
37176
53039
35479
60297
61365
43068
60796
63069
18280
54439
54510
56644
58860
64051
25069
62705
29849
48034
65197
45554
52535
20486
29165
51494
42298
44351
63184
62426
26615
65281
16665
44797
61802
42062
14721
60968
31027
41646
61710
62916
61315
60030
47692
26506
64542
3532
59339
64821
62179
47293
61028
58708
57128
54758
61157
57022
6321
31832
63780
41545
64958
60170
46924
