39108
35747
58931
54235
65392
65115
65429
65425
65389
19804
47819
25285
42411
61475
61747
53864
59306
64291
52905
31383
62592
59054
62792
63607
8598
1666
15223
45236
37085
61619
62793
31467
835
31276
25400
61587
12603
21351
25415
56981
15442
55291
1434
53313
55877
45195
40428
54419
53763
35743
9699
46947
17326
14034
61588
13425
17044
25615
1576
63901
45540
65078
38988
273
198
64255
18576
7724
64900
57182
12671
17584
13730
53626
9598
55315
51184
59955
132
940
64620
18102
103
41595
64228
57406
37051
64881
57010
56148
48838
19877
51204
54742
62385
899
16772
42072
44099
58735
37511
62620
661
58868
7109
60449
11245
37973
58750
31691
44815
60400
17314
58770
31526
61926
38298
5306
44100
47072
34604
56016
525
15923
38041
60364
60305
631
634
54124
54725
47530
1124
62129
55666
55771
27557
30455
18690
1864
14043
62600
3638
6062
22878
60112
7290
32225
53625
40991
45120
62130
61750
52447
62214
45250
12505
25178
55198
5308
55132
61711
63962
48439
24267
55290
40988
34917
59826
53213
63298
35730
55594
9911
549
8229
39833
63299
64797
34459
51791
50083
14273
26027
54483
56600
41050
47138
63765
13269
61321
54398
51240
57400
59856
33167
16690
42856
57565
64543
47582
64683
63337
17279
1838
38540
5569
59021
530
62033
64844
18509
52954
17281
48633
63348
5387
15408
59647
80
48524
64397
53416
59010
53259
59356
11054
18933
55196
39569
23469
60313
34799
60863
56042
62693
64382
777
59829
56248
53804
10110
61741
29556
997
1391
39001
54236
65405
65308
65486
65563
58700
56280
17046
59415
10592
21451
3351
64119
35784
59875
25251
25250
37521
38509
51465
16394
38072
37446
37174
25366
14698
23276
16370
48691
64297
35715
29957
38196
7280
26144
15909
64272
48806
20925
9353
42120
16196
32809
51745
44476
59595
20931
14126
60063
10672
59728
45674
36288
26544
28356
25143
214
39594
14496
54019
23569
4493
34490
30530
55303
32682
63436
44452
10939
1865
61730
14740
63125
56747
2881
12074
37256
53144
60351
12358
46970
17952
21865
2179
63802
44678
47313
13830
25144
37525
28592
60178
11686
25158
64146
60430
42450
48741
55535
48866
22552
16361
29649
47587
10280
53997
37548
20665
39104
61952
20882
59651
51565
845
54099
65423
44918
40323
22077
35719
50483
54409
50485
14447
646
52216
14236
34418
46846
60784
8932
56714
58736
37814
60785
8620
15356
23884
46809
13718
58705
33206
58698
60107
35563
63271
30203
51908
45285
41907
65039
26008
18934
40284
32860
60999
59413
26861
55517
48803
15524
15061
16416
131
45204
21842
47477
19552
60787
57375
63708
65230
7979
32092
23208
1012
64174
15171
38993
39563
42698
60584
45341
48102
60786
62557
53399
8828
12638
54435
36217
54919
32473
55809
17019
58731
37901
14720
54770
130
29424
6069
14729
8576
2920
7327
35832
36221
47379
63388
35257
1174
55495
1173
17386
36631
20218
36801
36568
63491
40243
30470
51670
60948
62139
37454
35803
60148
40304
40598
42926
48748
57601
44109
25616
29687
53139
4868
54433
22587
41275
21466
19156
15793
61902
51708
41896
7980
54702
39710
5312
224
11421
37328
47751
36362
53958
2018
51874
36254
17159
30551
50601
14090
2987
42922
19219
27646
1473
53408
20881
56897
1254
25212
20794
54664
53696
63593
53645
38475
13519
30811
57497
42931
34835
23701
23223
62107
65424
64790
56909
57144
55390
35969
3348
40724
52136
9656
11588
7059
30037
51800
27858
23798
3559
39998
54628
39252
64368
59107
63186
48122
37417
35764
60464
31951
48750
5060
1046
8119
54072
24340
21938
34615
36663
8697
206
20256
30988
14419
2043
1255
17355
42868
38811
39374
59555
17504
29317
204
25033
40597
50070
17371
31993
17380
30346
26155
38474
30498
39641
41281
56786
59377
22548
38439
58950
27765
29451
1309
27687
56686
56243
23573
29195
29455
36145
2067
41761
42043
57201
846
52197
5377
3861
54914
60622
38091
15418
18684
28140
54434
9037
24474
29211
22583
22172
57030
61398
35027
16533
36018
209
38349
64157
23574
13906
48353
27715
62624
61839
44320
10898
1159
53900
23063
39359
47152
50855
20734
57379
60818
19542
60597
63928
62298
19287
50246
19106
51860
29319
48653
49966
64278
59388
32463
23554
48632
65167
1095
48223
34942
229
47595
23672
65379
21766
51446
60566
2759
8317
8318
62796
2576
38207
420
61197
691
60171
31631
63205
31634
63208
2778
61827
50030
64483
48390
10367
31584
18992
18841
4292
60755
27802
62562
63402
63711
39315
63822
29200
19391
21582
48758
24484
62101
38722
62746
16833
11726
62399
27047
29125
36934
44970
61519
45546
12860
16445
46806
11329
60524
19950
45567
55345
45
63288
47096
54131
13354
39235
61751
776
4915
38886
15384
56791
27649
48773
39988
1760
62694
65654
51643
6990
52657
188
42970
128
29479
983
54271
47494
54060
64996
16829
187
51959
55464
35127
48809
26681
23408
9776
64750
39444
63408
16454
54524
62432
65037
32912
59544
32151
127
37020
19317
35022
23148
20692
13140
54520
22585
32149
54289
58861
34814
4741
54743
56680
29708
7917
27396
61840
27686
31322
44951
1288
1822
39742
63341
48647
51124
39930
215
39080
30612
10059
29381
24574
36756
4740
63319
18827
34415
62923
60281
61797
22886
61914
65436
17387
47154
61987
63135
26793
12460
38376
64232
36770
64573
63742
22341
51216
22342
29183
63733
62443
45413
14941
58650
22546
50834
57218
60259
25496
61562
56507
13150
44641
57231
16130
25954
3512
31486
61165
2088
61192
22092
31627
65413
45534
7944
55324
62626
30172
11012
65140
53307
13908
65009
58878
13620
54868
19336
58936
19701
32610
12872
18042
56988
53487
57077
38195
22547
20159
61724
20695
37974
49967
7552
33202
38176
54422
31267
1286
44301
53214
30545
31621
25668
6626
6625
20353
54491
64019
44559
1076
4806
12957
10439
13578
48362
11236
50624
62433
52067
5056
60285
60289
40941
26860
59387
61292
61996
29086
40034
22531
40258
40876
41355
11985
65301
21601
16033
16840
20684
47880
63947
63649
6700
26202
26201
157
65090
44829
22298
29544
18657
25948
16732
22610
18100
50949
37855
62826
63463
47737
62610
62611
59386
64732
59436
45412
60683
54953
54241
59824
54977
58883
64502
53885
38629
60048
62025
52641
54978
64343
59298
59055
32192
39719
62790
59165
61557
53974
62455
25162
55909
20670
61103
6792
63008
57020
31558
60468
62365
62914
57041
31557
65069
55404
62206
57289
56255
55199
3676
35347
35854
20694
59142
59299
63937
62597
47591
63640
15974
57428
56293
61894
59184
55970
61404
61861
62775
63587
58778
56360
54891
62852
63638
64239
63956
62973
62784
56254
61695
59179
56352
60065
62848
24841
58989
59104
52439
44536
53027
54747
50264
62114
56960
45146
56702
56343
59809
28705
57510
63389
64238
21700
63012
41074
22246
39241
39101
64000
61396
27075
62893
58727
59362
36686
64365
61582
44294
56447
57541
63256
37936
33204
40458
62220
61239
60908
60797
19046
59620
55422
63920
11583
60462
63691
30955
27366
41080
60320
58959
60275
58979
27481
27517
56946
46730
64030
45085
35094
55512
61760
41399
35313
57273
34582
55799
41840
55561
42573
40511
61554
36994
62352
52659
37281
34663
60071
30148
60166
31686
63490
65086
44813
60945
61159
61678
59963
41601
44380
64506
61534
35095
61889
54616
31438
52992
63257
1061
25741
42612
56327
50376
56262
62680
64806
47759
55534
62454
21994
20214
63442
20105
65186
21237
45043
51143
57646
26663
39431
59046
56966
21764
48269
44103
61117
27140
53418
61071
63409
51356
65084
64969
60066
44283
45320
57491
40455
43020
31719
56431
65073
63637
32575
20603
59389
63225
18130
31659
60532
60035
44742
62085
4254
19179
60017
56451
60898
60043
60811
59721
59758
59977
61603
59691
56444
59383
56483
17395
59741
50879
63629
61555
61632
63630
64586
35567
61216
59932
60264
63477
61484
6494
60204
60650
62289
59382
62281
56434
56516
44674
60067
60427
59706
59981
60617
59566
59979
62911
61813
61815
62872
44831
56462
54821
61542
63289
63458
62719
60701
54979
63636
39247
19789
1257
59456
61805
17600
60812
63897
53737
64440
59708
42040
54731
52312
59940
5753
54878
60676
43059
35708
46791
51537
28413
61418
51611
62650
63112
7950
47404
64563
17351
64260
51414
64719
4374
60561
63216
63643
59537
56916
42611
65492
65380
65378
61955
65485
48214
27399
54498
52257
62467
62967
46943
44942
25874
36253
39753
55825
62810
37740
23203
34906
61585
35842
41207
35076
62704
61592
55328
53975
59288
60684
39351
20487
61946
38151
60142
32643
63796
39716
50341
31800
52922
60806
4190
63683
64181
42309
25063
44604
45251
12413
12452
41632
42988
51288
40616
31818
17276
54641
63641
6898
54934
42602
24411
55311
20739
23555
42775
46933
62297
25669
53276
64279
24557
50271
18537
57378
51284
60641
44734
50267
32914
19888
64479
13768
56098
30190
62305
52186
11499
23671
59790
60269
39877
52521
52098
40946
42656
3043
38325
40623
64344
62524
55747
58726
64187
2872
39461
58902
62561
50571
63497
47687
45125
64512
65440
52264
62750
31373
48828
23409
51964
35381
48522
41825
64214
58886
53452
34440
41509
22497
31052
31687
39352
37923
42974
64716
65008
56015
61437
63635
63189
366
36948
30881
64508
64006
17009
35400
35526
30600
36593
56415
59393
45414
37067
64835
37850
48195
63450
54787
52387
37712
40345
49950
25763
44082
44393
50985
35333
3040
52151
37351
63729
64517
56449
35265
5492
34989
65484
65383
64803
50318
48572
44865
63550
31309
48207
25888
2509
36629
35448
37621
63404
61498
59063
59800
41461
13709
14802
62029
28019
65074
54843
56993
61162
6378
30509
54102
50120
24491
129
65234
30606
50192
26079
60205
17370
41030
7245
56177
16347
25638
44127
59194
17790
7246
59787
55388
25270
59592
64031
39152
42784
63662
26446
47341
2068
51093
56407
64339
35793
36640
8946
64735
59897
59074
53178
65640
58658
33094
63986
38278
11900
63024
41357
10886
32089
59629
47303
1066
3807
63390
1306
17441
29289
10574
63270
36188
1368
59088
55810
13205
51484
64720
61438
57399
36736
64756
32491
64693
35518
48539
18543
36694
55414
15781
25836
19666
53246
63146
64451
64124
29902
59028
44715
57013
63111
30573
26814
60623
59030
57060
58811
14673
60527
59076
64027
56519
32991
21619
23935
61044
62702
44982
26851
64026
63951
22057
25746
18151
41802
56684
63359
17424
17282
63599
24
64640
60498
40404
56285
61829
62938
59405
44222
50747
46898
63351
61199
16944
23669
25271
54536
47443
53026
61725
25640
34703
25780
47984
23275
60210
51038
52857
31300
53118
30096
8113
63879
53277
33276
51669
20736
38287
64515
25636
26726
15650
15996
50972
40417
17401
10315
6986
23872
4015
25597
53658
58730
61647
9265
2421
62764
29129
57423
44513
18989
34395
24014
41686
15191
24986
53987
34419
35188
60068
55670
64223
62494
60819
28400
50754
27954
47339
35424
41608
53652
17293
35658
40107
31424
33122
35612
37851
39221
17963
19912
51804
65075
65499
65705
25726
52907
36763
63639
6125
54417
7943
58990
40530
64848
29049
2431
62383
17062
30226
60033
57364
29085
52873
48554
29084
59320
8886
52796
51513
8261
16700
47512
62588
28517
28891
52213
63644
44581
37081
62350
36906
35006
48840
45163
45304
1375
21290
51066
61230
27499
40286
10553
11516
59373
63697
65610
37416
44682
52649
9062
22266
54059
64270
26801
37114
16328
12969
49971
42977
44167
38693
63400
35247
22015
60337
27397
50369
23742
35934
62986
60568
63842
34914
64767
62068
47697
38246
52277
29798
31528
55473
36309
27804
59120
51647
54495
5699
15407
59695
58729
39443
35650
11139
22291
51532
32585
19831
58905
26953
44284
27061
30348
35908
45219
47635
2159
62382
56397
51454
48586
33310
56672
60143
31072
44744
58875
48511
38570
42356
39216
50982
20604
44428
61084
64796
50248
64216
4053
41450
4052
60253
48616
45010
39265
62469
29016
27422
5342
48381
48279
62546
62895
54453
61069
24655
64574
48696
62540
5063
19567
38080
44224
59191
51321
50967
61905
38316
36682
60061
56453
53192
24088
8201
65589
64923
62402
1121
29309
48230
27861
53792
56804
5366
34893
5389
56019
61859
65467
65101
59722
57327
10634
17612
36714
1722
13867
9050
62742
50952
60672
45075
54627
30858
36670
64452
24005
32492
37407
39571
34957
24426
35742
51579
20097
64757
26072
34458
27779
59538
59239
28486
38306
61566
15841
56395
48746
45112
27053
37899
40543
22067
25779
9805
40539
61663
22682
65465
65217
56949
36564
28689
40236
48252
60944
28683
55526
59649
4700
44954
36664
28729
60640
52287
62879
47360
62660
63165
1456
31367
64254
35049
63065
37619
62013
50244
65532
60831
26093
61065
48090
36273
64431
44363
63606
32989
2094
32137
5349
46838
46946
5247
51218
2211
62926
63187
22498
8277
19054
54975
52658
10248
46768
370
53656
35519
60097
10245
52358
63394
39380
52248
41054
62728
54802
54321
60440
37585
55693
60060
10948
14246
1079
56418
22299
114
46771
29847
24985
11036
25880
47943
30944
47514
3883
65491
35806
65263
32583
60833
19859
22958
54217
61015
37587
15751
35123
58702
56550
63647
62140
38577
64509
64021
64251
17339
53220
64309
62121
47063
62684
65022
28148
61650
12986
16086
44166
44740
51560
3823
56077
45114
47019
31848
64812
40079
32872
45666
6628
38280
6940
47061
32287
63528
11122
41
65386
38973
38003
41412
42430
56580
28031
48910
60382
28793
44305
51668
23092
47050
15817
56410
6342
35959
33247
39511
23470
21957
36404
22694
30531
1250
52669
18673
54457
54956
58961
42993
65165
64627
415
40813
37368
51062
25618
47142
63115
58819
44959
23829
45262
37273
39340
55873
45389
61656
26086
52943
64632
61862
41501
47842
63096
62315
27981
62435
31249
62394
32832
47707
65166
1385
57522
60126
40408
58930
56465
42523
39591
57259
48510
3601
55139
26
18826
16705
47613
45036
61697
46790
39055
37345
12300
21038
35528
64894
467
29005
37573
44680
62689
59564
42350
21909
41185
59561
59559
32619
64649
63930
4658
60832
46974
64472
36279
59744
34894
48193
7555
62264
54153
48464
54921
38210
45523
27180
33250
7252
47369
40145
13992
26969
40803
55905
45558
55638
26842
28622
26934
39054
14431
65015
26974
39654
17299
64631
23040
7644
58810
63494
59770
41930
41015
60299
55145
53865
57257
57090
53866
51911
51897
41358
63921
3860
60247
18464
41287
32319
46820
48209
45029
38288
61288
31242
54274
53443
58659
48202
54272
18415
39808
46951
19962
309
64795
44915
