28124
40137
25330
5944
61525
24877
25006
53104
33287
12001
33127
29238
35341
10652
30338
60344
52628
32865
64557
60341
32321
49994
63427
57507
29738
27826
29625
52527
55234
62146
62303
52458
26540
36437
23976
35098
61406
39387
40827
44749
46889
47056
63312
27638
60391
19515
22419
18768
4302
40716
15642
42622
63719
46927
27635
34820
51283
8159
4963
29057
30684
42166
61524
60361
39494
8386
54357
25337
62553
65016
41939
4896
5501
37645
61180
39541
50334
29633
59493
40998
41775
42427
20883
31034
37104
50114
15481
59438
24560
63320
41004
45034
60552
39601
56221
36302
7553
55585
62667
41494
