60838
2615
230
50357
24660
23475
19742
61638
39069
26142
51535
59599
19082
5721
52184
62585
38386
8780
60197
32063
63342
10496
60134
57163
58967
42893
22917
4557
5258
58981
15037
3011
12781
11201
11200
42537
38786
52271
60467
64706
62811
5757
62734
31582
24502
61220
59454
32814
42541
42535
47833
41216
42529
42527
42539
39618
40711
39705
61466
39556
39703
60273
41490
4995
42525
42534
35502
63230
60432
24157
63432
40059
61280
53430
58915
61276
64261
45192
63674
61728
43049
62376
54225
25740
15991
44864
6825
34743
64717
46994
65108
24057
53771
42365
53545
56422
53632
37452
27043
31676
47624
62049
19720
26056
53465
51188
42532
4020
53020
