60378
20179
32803
18636
65451
65456
42897
4768
64298
3210
10975
1501
61453
62098
6054
3776
40505
42798
62654
8466
33047
2279
21217
3311
12018
2820
57045
63073
1514
8103
7764
64516
64581
58707
59416
1859
63083
29325
8090
38907
38104
10185
28106
38904
21210
1755
23579
13989
56303
24791
27410
21381
35746
42228
57245
63352
40779
30251
60712
55370
24130
24510
26289
55979
24611
21134
32188
10676
51236
50400
14789
63293
56029
30692
37555
26614
30034
23597
59480
3549
65066
23711
55547
31103
6293
15809
9677
44702
41755
40398
45096
19842
39540
38371
56014
7676
21422
29133
41727
7523
48091
63004
28607
10694
55476
32955
60954
38983
2325
18086
7808
17022
57619
60767
37752
11381
63527
47812
64644
58974
57073
58888
58906
8264
51411
23260
42324
21830
65427
62939
58839
57028
52623
55555
47693
56797
60030
40857
41646
