32029
36737
35672
51148
57142
20132
27476
48238
55549
17771
27123
63262
56581
23029
3093
2864
31295
62859
42335
58679
23035
62548
30052
22845
32839
57636
57146
47662
25332
60288
56790
61432
65644
65259
56440
59181
32067
62657
25131
56890
55840
41174
18964
1284
25911
4644
22059
59174
9186
2938
44758
31319
24086
32758
58903
9198
29935
22666
19527
38890
39277
59394
53317
35478
64376
4601
62617
222
62721
17498
24026
60392
60507
24028
53062
59703
26735
47543
55845
27948
53952
42481
54881
24182
9148
56937
53710
40088
28787
65462
40481
56096
51851
61046
1200
41465
50101
7653
7650
8704
21140
53319
