44408
28562
22251
57457
22938
10994
26785
21371
22056
6392
29344
15175
211
16190
44816
42834
26849
50998
12241
62141
52801
52903
22250
54205
19629
26857
47722
17163
62854
64264
61970
21305
55760
22338
18862
45070
5232
22336
64153
64366
39433
13136
21573
25537
21850
28650
30086
28803
36162
30824
52336
62396
52200
63700
4121
48150
34392
48474
56281
42749
54268
12436
56720
32332
63737
61743
32650
44844
10912
47598
23610
45553
45551
58925
53738
60031
57320
60448
60447
30905
59709
25261
42380
45662
52356
30076
65130
64273
45550
56995
26847
57631
26402
35307
40763
42908
47460
41444
36306
47383
23147
41627
9092
45556
47467
65194
45408
59504
57343
62409
56665
35927
64699
32623
15583
62474
26520
42368
26736
18622
26469
