61533
44405
702
23615
8565
5466
60927
19400
27373
54400
10643
51629
27813
40473
47444
24867
48408
54191
38542
941
5464
26403
35764
42296
19460
18795
27371
37226
60575
60034
46818
50964
28569
36392
52225
45285
9292
18437
21905
5312
55574
224
15838
13718
64080
60872
21842
27761
60430
10406
37417
65372
65282
54788
31337
62518
61282
22405
52167
38812
60981
32740
22167
59410
57178
53845
62917
60804
58759
45016
63161
53325
38446
63229
35797
47106
64087
45501
59532
63198
53657
37128
59367
4836
53343
60238
60111
18361
40463
31735
27725
22374
56947
54464
18708
50756
63948
55870
35182
37216
36766
48145
40781
9883
54418
64227
48392
17198
60516
59824
27366
38924
52083
39652
37228
58889
60425
38165
62312
31425
29976
55292
61369
51886
21488
34464
56446
65625
62559
53291
27724
29302
28394
52992
57510
50233
55422
29517
29876
39710
52417
37816
38710
44937
57119
52232
65418
63409
48491
165
47479
45204
60314
34582
65366
51356
57273
63691
57365
55885
56991
62087
48121
41941
58734
34772
14799
37919
38822
28609
47109
35886
56175
27252
31046
38441
37548
41986
17800
55471
