45058
55467
44655
7679
7972
29251
15496
48462
62280
59694
41059
9837
823
9548
5744
24658
34903
63052
57114
5901
11971
8095
1132
37616
58971
11890
1854
1180
58799
55923
48488
29068
32215
5594
25956
37430
882
451
53066
64208
10952
12594
2664
54307
20042
45040
8026
881
44852
53769
9902
34817
12145
65520
61004
45038
12124
7789
41202
3555
58800
34431
30524
32479
34535
1239
24414
11658
63164
17552
42619
12138
24549
19967
19965
44315
17559
23033
31746
50109
31983
27426
27083
27854
29992
56715
55678
62359
11196
7829
11043
63452
10013
29631
48871
57639
27019
32645
62086
19594
26507
53010
55606
1741
22726
45106
53053
7242
46822
62931
34926
31536
58662
64137
21563
6859
26569
13573
27578
27859
34503
16358
39667
20776
31651
37206
60839
25960
63247
65537
29259
23366
37302
2932
53340
22582
33241
60917
24730
51438
62405
2933
52928
37498
26068
30247
3587
34516
23725
2948
2934
63044
26360
24171
53703
22240
21425
18665
24436
56267
20174
58654
54133
24009
27070
58923
21427
29963
2927
61031
50544
40981
24115
32875
41403
51326
42488
4970
13988
55871
62798
28678
8367
25620
39883
34737
27589
30689
29909
2943
30532
29024
16277
4475
7813
6042
38167
50435
65341
42601
30088
51194
62162
7419
55383
48765
51468
51941
52141
63429
65181
2829
31886
62311
55965
47023
52722
64645
60258
40983
45091
56674
55424
44215
60932
52183
63530
64637
24520
64143
41647
64721
63439
54514
44544
9130
35880
6750
41588
62046
64226
17098
58905
56315
25398
55899
61948
62314
65624
45296
26211
41642
62357
8544
62816
41535
28924
64142
6749
49956
64069
62863
64140
24722
65163
64322
48744
62353
47521
57283
62138
32470
56032
62003
51840
57543
46944
37756
19357
35061
65550
26796
