29924
39128
37250
65206
40061
62105
45345
45046
29111
37783
26319
47199
56342
50285
63237
14556
61284
51036
22845
48796
36790
31468
61719
59147
47670
37665
2377
57390
16487
42892
7357
24304
2007
4601
20586
20101
24251
24182
18715
5670
2006
57529
20021
25469
3524
1202
16839
59329
64758
65215
2011
7407
32871
39205
28966
48196
51957
2388
35611
27029
39378
47357
6978
26970
65375
55461
35656
58857
38327
52374
30997
61783
32100
47640
56442
50747
18464
62337
63322
63261
63212
22274
34465
56141
57357
20789
48299
20379
7073
34976
6833
38405
27316
52579
42076
50097
48719
53182
50092
25223
21126
55400
52913
51100
54135
32390
64525
35478
26443
29853
52884
45276
30426
61726
59336
38566
39956
3372
37346
54948
40573
62441
60978
53062
59703
36195
57572
222
17498
39476
22838
60392
26735
24026
24028
61474
53317
41749
48856
61610
36623
63799
33183
63797
30276
14584
31459
39435
12865
53319
33181
4178
31727
63090
56520
48455
53505
60800
12178
59404
5438
20877
54282
53306
60507
