38789
5395
61794
24982
36877
40658
8056
40617
31469
26957
22588
16079
3055
23072
61510
44107
23071
40932
16709
64282
40931
34886
37790
53058
50872
55002
36394
50406
56279
55412
63124
50667
37465
59534
47167
27973
55161
64510
62723
50962
36039
61116
60974
61823
61289
48477
6043
32921
32566
29660
50716
36470
61899
44211
45351
64765
61821
40902
32156
64149
8058
51075
37226
60575
59168
32129
36312
62081
28379
48164
21585
14293
25856
30367
61933
62451
39064
55123
51743
63191
61934
55580
30387
5239
48175
56918
52483
61047
48163
27602
52733
8765
34464
29834
31281
48890
55470
6551
32253
55292
54572
28378
62686
48161
48162
50207
62005
18360
22293
51989
58695
10420
53370
60508
36396
27252
31046
63848
51723
51276
30767
56114
