8973
31462
65318
65319
9179
28469
23270
20067
27278
54075
60670
61266
5626
44971
52266
45563
8975
64316
61501
41965
432
64685
42541
42535
56256
19997
4589
3940
61101
51766
32884
56245
56759
65032
39803
62039
1300
63506
3492
33234
60345
41701
61772
6814
56404
44594
61951
7008
8703
60369
15332
4008
60788
6211
42083
60051
10095
65612
61790
53054
44402
56422
57065
52644
51653
45257
50825
57310
61913
53545
52973
22355
17786
62583
54714
49959
45147
57275
27069
54745
53233
48702
33014
48336
57164
38516
45297
10045
