9512
309
36736
53397
55905
54916
29902
37088
56836
56834
22610
50949
18100
65206
37125
63463
64732
16454
31235
14915
62768
62826
16829
13205
5056
50599
50090
36790
31468
65001
37250
37665
39128
50005
47670
40061
19866
29924
18895
62105
24972
28
21093
22651
2377
35718
24377
14899
2219
3980
48753
25836
37393
48419
51643
25206
33250
48464
48809
29016
14673
52657
37855
18657
11900
19666
15407
44374
61161
63269
32822
63512
55145
36988
1630
54272
1589
59530
41358
26934
18415
7410
58811
24869
59308
64631
39808
46951
57257
3135
45558
54921
7644
13671
55638
36404
40803
3860
26842
28622
19962
47043
51013
63494
39654
59770
64795
41930
53443
44915
48750
50443
57090
51897
59475
60299
17078
57195
60247
50747
48202
30992
41287
18464
38327
64758
40610
54282
42547
35656
2011
48796
34666
32871
28966
48196
34667
52520
20770
61719
64213
51957
2923
27600
26970
35244
59147
12559
27029
39378
57390
40089
26114
37053
65123
61472
61068
7382
16272
1165
61271
59336
55931
55790
38543
47037
50204
59501
42894
21208
53960
14326
65024
58659
60805
26814
54503
61407
54506
59334
45145
40609
62094
35873
14725
63567
64477
63896
52504
51911
21619
14723
61607
13197
56566
63501
7252
64990
54274
65015
57013
26969
14431
59030
54153
53652
46974
17963
35658
51806
27954
25746
48525
59144
51804
17282
55414
50060
64693
59897
56285
64735
47256
38053
2388
47357
21877
29853
27903
47640
62675
44750
31892
26974
28538
65095
45523
58729
20259
