3510
56050
21345
11067
60537
44867
39822
29585
58780
56094
42389
41385
47062
23402
7123
15112
21304
31904
32241
10287
38980
42609
31938
53500
21381
59937
35746
29867
59762
57311
58932
23418
24223
1687
14683
22633
6708
47623
26744
16475
40723
48449
6182
61596
22234
55876
54025
65500
22224
38200
29892
50753
18555
51910
30133
9057
326
64946
376
31795
65038
39971
44414
29740
16544
45331
13825
13277
27840
7595
3036
58677
337
10181
61916
22159
62262
18137
35240
38514
6506
9374
50611
59990
54858
21985
50736
59498
44585
47893
64661
56597
57101
21830
52509
64678
59667
2829
42209
23156
36167
55377
25291
40096
60826
64443
54862
47902
47858
32176
56069
54310
60760
62717
63370
17091
60755
42506
17598
61715
54651
36618
51794
30646
63628
62755
55261
63682
54048
59343
30393
51547
60541
37860
57293
52390
50763
24208
47672
61825
55614
42343
30445
32006
57420
52134
54798
56133
56494
53605
60647
8840
29586
31318
64277
