21601
41
13416
7320
47880
29877
63947
63649
16033
16840
40258
31621
15384
1282
45115
30545
44878
57077
44301
31267
38195
20695
30936
40374
59528
26854
3601
22309
27256
25103
37252
55651
60058
44506
52362
17259
3543
23017
27897
47613
61090
23951
58891
39591
50383
56161
25324
57259
22010
3373
57410
48716
25108
47844
9541
32832
50197
47142
53539
11122
24905
20704
55139
16861
64858
26086
60126
40813
56395
60886
48746
60889
54381
54531
14983
60801
36813
28835
22393
12274
239
36324
25618
31249
58819
6628
57522
36697
45389
62394
26634
54997
44681
23124
37899
3823
47707
15402
45036
32287
27607
53242
35742
44954
22064
23858
56007
51896
58873
167
53667
58882
65467
55526
59649
51579
4700
64580
24416
36664
31017
38306
52287
30831
62879
63165
6129
35049
54660
61859
50244
36486
44789
22518
48172
56584
27981
47628
64254
