59259
54457
64481
60055
22694
7688
60923
57055
6199
56637
16142
60726
15384
62938
56741
55693
22529
18826
62610
38711
62611
55025
8747
51844
13445
16705
22297
42706
22394
59874
22918
51036
61284
56342
50285
63237
16732
23825
63463
21093
56836
56834
64732
55905
29544
50949
22610
48464
128
47494
22298
54060
55464
18031
37855
26202
26201
18100
4915
16454
5056
65386
65173
62589
42430
54815
59731
28031
36404
51505
57092
39381
60272
53865
2791
18673
35677
38973
53866
44910
51508
54956
56410
21736
38463
3883
17078
47037
64779
37357
23382
42746
62903
45349
59475
6342
35959
60442
28781
28778
38003
56580
40032
44305
63647
54279
52087
26
54254
19379
44984
38009
63246
44374
34950
62637
36921
39498
45009
61142
64771
59198
61237
60935
40573
44587
40738
63399
47845
42256
35344
62643
38566
31563
52192
37702
18464
44377
65161
64955
65052
62817
17671
42576
51179
5365
64974
39476
22853
35714
47824
28786
20586
34976
53182
45276
24304
20101
54918
38360
58704
35718
65617
3372
53062
59703
23040
59530
50443
30472
38210
63494
53443
54272
46951
55145
24377
26974
64631
51013
41358
31235
59501
58729
51957
52669
13992
40803
41015
26934
13205
36736
41287
50248
27180
47369
40145
33250
7252
39054
45523
54153
32991
45558
54921
15817
29289
55638
17299
48193
28622
14431
58810
48750
59028
28793
63408
18657
51897
1306
114
60247
24985
