5375
14875
65408
23956
5188
21011
20637
44262
5194
1463
13127
4626
1605
1578
52976
64460
47110
35361
3015
32987
24531
65316
59293
7729
64788
22711
60026
7843
34975
31386
22864
59815
15681
65187
21837
26933
12794
3237
27639
5728
21279
62604
51817
52751
21326
51083
64474
55463
12692
61177
52974
61035
23820
17693
59589
64934
50407
57179
61994
55811
47001
63482
42825
48305
55820
54972
63199
51666
45177
30807
36661
36047
59434
63087
63680
63128
53482
47434
65370
63419
62307
62222
64853
48744
32172
54602
64607
56935
20687
42110
59093
