44990
63944
437
61984
55094
1321
55993
21056
21686
565
45268
35593
62966
38263
54239
8096
21575
51923
51291
63102
35362
469
41709
56300
18504
665
25227
50570
63048
59443
55761
65050
21949
4633
25222
61477
60230
48095
48557
24858
56877
36577
27634
62286
55616
60231
56481
32536
59633
35463
53431
54228
53366
28286
35977
61522
62464
57198
56772
55994
33284
56204
61688
48707
4654
31298
64236
41386
36223
27416
63314
19047
6478
42214
64310
32343
40080
45241
25989
51539
39954
64101
44126
27230
50574
65121
30527
55246
65437
35184
65434
50726
39617
61661
56410
36335
63939
50713
64364
27744
