61317
65590
39928
60827
5537
1154
6455
54735
65002
1332
61351
33070
35723
44432
23218
61835
24287
63218
21717
20898
14374
40053
1574
32041
6735
39446
5467
21381
35746
36616
59937
1880
42609
31938
53500
39445
11920
2051
40234
54741
23938
17156
64199
29261
16473
1799
2739
54773
44807
59573
11270
63785
62400
65109
43036
16347
15743
61710
53643
45232
21830
62582
65277
29213
44253
52929
40487
32976
17741
36016
15536
50763
24208
62717
38514
32176
46826
56396
64962
57325
9216
1471
54395
56062
42044
50711
54982
