52729
60016
28535
32680
19391
23148
26933
22585
47595
52093
62724
173
57011
65292
10986
39672
19447
31636
31633
30817
64774
57418
54443
57425
44551
28046
56103
62998
62813
61224
62805
52335
58789
44359
60894
54753
3172
60110
50552
41129
27903
38583
62675
31892
65123
61472
59855
41041
50747
35416
20759
47766
44618
44750
58681
48862
20259
54247
48202
19912
60213
23671
55833
29129
41608
40774
35658
15650
25836
36640
45125
50226
21877
50959
61898
53803
41176
22241
55360
36418
35024
7448
37907
7399
232
36123
25930
54901
65485
62304
53987
31957
15191
8946
18537
48846
19888
7756
22512
54962
36430
6323
58754
11149
